100 5000
32 19 5496
93 85 914
86 90 7242
53 72 3959
51 17 7011
21 42 5182
91 11 6872
51 82 9848
15 61 987
100 5 2948
92 89 7567
87 81 1503
52 66 3893
94 71 7116
4 73 6784
14 93 9925
95 35 8136
18 37 4669
65 51 5129
4 3 5486
3 46 9174
21 33 1554
24 84 5872
68 29 994
35 84 9766
18 97 4610
95 43 1744
82 12 3933
50 29 6735
31 32 337
16 86 9283
41 7 9067
46 30 602
69 97 1131
62 31 7314
27 100 6163
36 94 2857
32 75 621
64 25 2949
98 7 3532
87 74 5317
21 14 8575
87 59 2104
88 80 8852
70 41 5934
36 68 134
50 55 7727
6 86 9554
78 49 3930
26 99 2336
9 85 6609
78 5 5922
52 43 4532
8 82 4663
59 4 4604
45 39 6823
78 88 9577
56 45 963
9 75 1263
38 100 861
25 61 2797
33 38 1
6 89 595
90 96 2477
52 7 9480
7 51 5270
29 80 6009
6 35 905
20 96 579
34 85 4331
47 10 5691
43 94 2680
96 100 1168
90 41 2316
66 92 8622
97 99 8724
18 79 6403
26 36 5737
83 7 8984
61 41 7369
91 39 5930
33 81 4923
12 76 2974
32 66 4614
47 83 858
20 32 6308
43 49 7786
45 27 1222
33 9 280
17 21 3520
37 12 858
18 96 5091
40 8 9866
66 39 8483
79 37 7066
36 56 4149
95 98 8649
81 42 6575
54 74 1535
33 90 7756
5 78 5919
14 95 1714
4 87 4173
22 52 4463
4 30 4899
21 18 454
69 12 9851
18 44 9492
44 49 7818
79 82 7459
86 38 2137
56 51 4131
21 7 4717
94 28 3220
8 31 7902
7 52 9619
60 72 7382
63 89 8978
6 33 5626
23 63 3959
82 48 7496
70 55 9799
100 75 5957
69 68 9484
40 76 1566
41 34 9269
11 45 6741
93 7 8981
22 65 6213
47 87 9027
58 20 8826
5 89 7880
3 41 4255
59 61 8474
94 100 5001
60 41 8734
80 51 2831
20 95 789
1 16 8453
65 15 3640
44 72 6511
69 76 6500
49 31 440
55 41 9400
28 87 2951
81 98 6291
66 77 8094
96 49 9388
85 1 1856
37 17 4770
28 60 4793
39 29 9420
90 29 4802
29 35 6895
80 62 5181
30 94 3930
73 60 9706
66 55 8306
53 39 6006
8 28 1723
29 55 834
73 45 9462
93 34 4542
94 14 3976
40 45 2590
20 75 5383
49 47 7442
7 64 1597
64 16 4987
70 76 9714
44 56 2121
77 29 8717
91 21 9651
84 66 4416
12 58 6061
1 77 3887
35 78 4185
77 36 5048
25 99 2215
63 20 1190
29 63 5798
1 92 8126
17 34 298
19 17 7115
35 28 5472
47 80 6901
33 15 5330
17 91 465
16 67 6963
30 29 3535
72 9 9197
69 9 3840
46 26 573
95 96 6642
9 82 9669
33 28 4949
33 12 4215
62 80 8557
26 95 5923
40 25 4003
26 48 8864
23 68 6272
14 13 7649
87 59 2645
80 67 8378
48 99 8206
48 83 8717
14 44 4097
70 21 9391
92 13 3167
47 38 2966
10 12 8233
33 78 9797
34 16 7955
30 95 6174
7 94 3572
12 42 6107
81 55 6402
77 77 1275
19 20 7687
38 66 1876
55 27 3040
88 12 5017
84 45 4732
91 74 8826
64 80 3319
87 92 9512
93 24 1619
47 52 8195
21 22 7866
59 59 1932
34 14 8310
25 53 6921
93 88 1765
24 78 8190
1 93 1870
72 80 3713
35 24 2436
5 70 8487
99 90 3960
17 48 5671
100 34 2936
9 10 3988
82 3 4975
98 78 205
88 31 5849
9 2 9128
21 36 5204
8 41 7773
46 91 815
5 7 2014
75 6 9599
10 67 6609
97 100 763
24 97 440
80 36 7170
28 44 623
8 16 311
11 23 7851
35 68 493
1 25 9752
15 99 3909
65 61 7627
73 9 7826
35 84 8975
27 63 2910
96 43 4206
71 2 221
81 12 6096
83 98 315
75 51 6839
78 17 1338
87 81 3098
65 6 2458
91 92 8042
65 18 6404
26 66 6098
31 36 9899
52 16 9362
99 98 8612
13 24 8462
52 2 7278
41 40 4658
90 4 3563
47 46 4755
88 10 5024
44 88 5189
41 18 2224
40 21 2791
53 19 8388
64 32 8564
25 35 365
2 75 6756
12 64 9011
26 62 4957
80 50 9918
56 93 6805
44 85 6175
20 76 8247
10 29 2766
50 92 2749
13 69 5035
29 22 4609
84 85 3624
94 11 8185
2 42 2686
72 97 3530
76 41 6815
2 60 8790
49 21 5170
66 70 8214
14 34 6382
100 62 9655
8 97 6340
83 43 6350
19 44 791
57 67 1040
86 43 9580
100 96 7691
42 44 8163
11 9 9385
24 74 9918
57 73 2832
12 32 8528
51 66 8722
52 85 2018
94 41 4684
33 26 9878
64 78 3774
6 71 4617
21 33 7878
5 57 6303
22 65 4928
5 76 8359
33 78 9277
54 81 3161
71 75 1753
55 59 2230
84 75 1407
57 32 7129
26 52 1862
55 56 170
57 30 4786
36 34 2662
47 18 9191
23 72 724
83 94 8050
35 100 2208
64 84 1834
23 92 8266
3 17 6017
16 71 825
85 80 6254
71 15 1487
84 61 1405
26 35 4728
49 17 3473
98 3 2325
58 19 1160
91 93 3751
8 47 7420
25 63 42
49 99 7921
54 69 8688
40 4 700
96 82 3235
75 82 5803
100 80 158
76 89 8528
35 31 8672
37 39 7718
56 15 3880
98 63 3679
70 16 1899
9 7 7555
61 55 9836
47 81 5817
1 80 3548
58 55 5236
37 41 9067
8 78 9657
26 33 6671
5 82 7285
35 4 7752
86 64 9558
40 24 3164
27 70 6945
43 23 7076
43 80 9531
78 69 4523
96 76 3100
4 1 5385
74 58 5066
58 44 9121
9 29 9885
19 68 4408
34 94 8630
78 89 8352
54 31 83
36 60 2351
10 8 179
10 11 4931
94 37 488
11 94 9584
32 55 1412
68 25 9880
75 58 7525
56 88 3813
59 93 4995
42 80 9955
44 89 6814
22 98 2524
53 43 6460
92 6 5906
75 37 8612
87 56 488
18 30 8345
94 38 1832
59 96 4376
53 37 9155
59 33 7044
72 54 7493
96 58 9536
7 50 7293
64 76 829
75 62 9084
62 31 6465
59 77 7954
42 35 5550
18 87 2038
72 46 9770
67 17 5276
12 64 7133
47 71 8534
39 34 2710
19 61 7423
54 22 8906
70 32 4682
76 74 4916
25 91 954
14 14 2751
36 33 768
11 44 6583
95 42 305
81 32 7839
90 2 6851
64 55 5124
69 76 7356
50 51 1729
17 27 8971
71 41 8236
73 28 6568
92 90 7811
75 36 7852
79 16 3983
69 5 3384
19 21 1490
95 89 1118
50 91 220
30 59 4347
52 81 8239
87 54 1666
7 45 2607
17 19 1842
21 50 4258
55 18 8914
91 89 3234
32 83 2475
49 84 4965
69 65 8323
67 16 3504
5 54 3257
22 60 1053
28 29 772
69 1 5421
78 7 9190
92 97 8930
77 81 9764
51 81 9047
15 49 1211
90 67 1578
45 23 2032
53 96 1843
5 23 8823
28 44 823
48 73 882
90 64 9678
19 93 4110
83 43 2591
81 10 1691
44 99 5758
21 95 9380
4 47 576
99 51 1950
21 79 5345
96 78 5018
77 19 6233
6 38 2225
16 72 5468
6 4 3629
96 47 8679
5 20 473
37 75 8619
64 25 521
13 98 6951
58 93 3329
27 21 7899
59 78 6888
84 93 59
3 50 5515
31 98 8113
61 54 5784
33 90 559
3 53 6983
23 66 232
26 75 4776
54 1 1496
4 11 9126
92 46 2718
2 100 3920
16 30 8069
29 42 922
12 74 8212
22 76 6864
57 51 5181
88 76 8507
64 81 1859
11 84 1470
36 75 2267
6 77 3367
77 44 4748
45 72 5090
18 36 4863
29 9 5391
45 65 7193
77 5 868
84 20 8800
42 30 6183
63 66 2610
30 23 1786
48 99 1929
95 95 1153
84 12 5240
99 41 4748
41 37 9365
33 13 2969
100 48 6688
99 90 8369
33 4 786
42 85 3008
79 32 1658
60 79 8452
12 14 664
3 64 2856
50 4 8244
14 36 5656
34 87 6304
73 37 2045
42 70 700
27 63 8185
87 42 568
44 1 2598
96 64 3012
11 66 9375
66 67 7079
61 33 9666
16 66 8005
71 39 4541
67 32 8162
67 58 5125
3 96 9918
22 40 8118
20 87 9933
83 97 7898
57 14 9464
87 74 3996
5 89 814
9 12 6604
1 78 9735
63 96 7344
39 50 2440
56 72 3031
25 43 1217
57 25 4013
54 33 626
69 20 5651
17 76 8391
30 84 1502
33 84 9732
19 98 3779
14 36 1829
5 91 7152
35 15 2346
51 71 4070
15 76 754
40 45 6773
90 61 848
81 42 983
34 26 5367
17 44 4864
96 57 952
24 14 842
27 48 1709
72 51 7131
93 65 5007
46 57 7503
71 98 8615
70 30 9156
53 64 2081
71 80 3476
86 75 684
37 50 2497
31 28 1945
39 99 6595
21 43 6811
79 41 6867
81 11 8765
95 32 894
2 84 4757
34 6 2789
9 92 2415
93 80 1817
89 10 8144
85 100 95
79 21 1737
90 99 177
8 32 8539
72 78 7671
66 80 4906
74 13 5612
14 74 7355
29 66 1086
45 54 1296
40 91 8747
34 21 7867
23 62 2718
51 70 4449
42 41 8026
12 58 2605
69 84 2970
32 97 6243
38 77 9460
24 73 8765
71 13 2455
17 98 3476
84 20 8637
1 23 1158
1 64 3451
26 27 6408
83 95 3843
52 79 5840
46 16 3868
5 39 7041
69 61 6205
76 78 5102
51 13 8174
39 65 1948
49 65 4963
99 90 4889
6 72 9335
1 75 3913
92 72 8681
59 28 8371
51 49 632
55 24 4209
9 26 9673
82 16 7037
81 64 3453
43 62 4242
31 20 1066
17 20 6892
82 11 4316
62 21 6443
32 72 8391
15 26 8966
75 34 5291
47 67 5059
35 47 6722
87 89 6436
29 71 607
46 88 3078
37 21 9688
52 82 3360
47 65 8431
37 80 7457
55 54 8242
97 53 8961
55 87 5207
29 74 4648
16 54 2170
22 99 7109
99 87 9729
38 91 5062
97 37 5127
28 25 3258
36 79 3663
29 76 6015
89 82 3702
48 10 6527
47 25 2380
16 46 8678
77 96 5016
5 33 3006
19 82 5442
45 61 3419
54 48 3197
16 76 9124
83 17 9906
36 64 8615
62 62 4392
41 29 1489
70 5 2985
85 62 1269
43 80 3350
36 24 4010
54 29 7057
3 44 7085
26 78 6701
83 13 3816
98 26 9429
41 18 9357
29 87 7062
13 24 4975
82 66 5454
83 53 6329
45 7 857
53 9 9052
37 86 6930
89 69 894
56 18 1120
84 58 6337
93 86 1576
6 51 1851
80 84 168
33 66 8320
13 62 9726
69 15 286
72 3 9124
1 44 9792
47 51 3609
18 87 1318
6 79 1703
81 84 6805
83 15 5188
50 99 2906
70 11 319
47 79 8133
85 50 2488
8 3 83
51 1 4733
11 18 2219
28 23 8249
82 56 9884
87 38 2098
26 88 6696
83 9 6358
2 7 5588
86 43 3438
25 2 5892
7 52 7492
40 62 2061
10 41 9583
59 75 4338
42 13 8176
92 38 7615
39 73 4623
97 74 7981
84 11 1624
73 36 1025
16 94 5977
7 33 2790
67 95 2783
2 5 7657
39 98 569
66 89 3058
80 80 8030
54 28 2155
35 63 3566
58 36 7453
34 51 7546
62 10 4931
52 28 1825
34 81 9181
42 20 4178
10 37 1619
67 17 8198
49 70 2977
3 56 8839
20 13 5574
72 47 1777
70 8 4938
100 11 7117
76 96 7898
56 37 7969
33 98 5505
3 17 8121
100 65 3143
76 19 2198
67 91 6911
40 14 1009
68 83 468
5 82 4431
22 57 9326
71 64 5515
39 49 7212
43 51 180
64 3 9744
58 78 7115
55 44 9505
17 36 7070
77 3 4653
45 60 9886
27 33 4595
4 3 7958
18 41 506
82 83 3857
61 98 2559
57 55 9588
23 10 3784
79 78 7071
48 55 1225
100 51 7536
38 77 6768
32 80 3170
41 98 1062
47 31 3245
55 91 6894
65 99 2449
4 21 4810
39 99 887
61 99 8041
86 50 3091
21 87 6819
41 70 2199
10 11 7448
24 9 6130
68 63 2072
13 79 1371
61 34 3843
22 73 8994
61 33 3892
53 70 5893
96 43 2180
14 83 49
12 44 7459
11 67 1267
40 34 1681
12 99 7611
34 59 8645
76 33 4917
69 93 6201
12 45 7371
5 40 2313
36 54 7795
84 17 9690
95 80 6357
13 71 3742
46 82 8740
56 15 151
100 43 2783
68 63 227
69 75 4171
91 31 6763
55 66 8468
1 1 7836
90 47 2315
46 12 4386
88 57 6119
27 64 8886
77 64 6528
11 83 742
37 3 2716
60 93 7398
22 47 615
89 47 2416
24 89 2962
91 34 9873
76 73 1181
46 52 8145
31 28 5760
10 91 8942
52 27 245
19 38 3389
69 59 688
83 99 6286
98 23 9874
12 13 4160
36 40 6532
17 37 2083
13 68 963
72 29 5953
65 32 3631
61 51 8169
50 19 2679
89 1 9278
74 51 5800
100 14 7264
59 49 8055
42 65 4291
25 29 1210
87 100 5339
91 65 122
73 77 5572
41 78 8142
20 66 2095
49 92 6197
48 43 3410
63 1 9958
69 94 3375
59 18 1803
21 56 7355
11 46 8971
32 71 3247
56 11 9925
97 82 9690
43 30 1533
39 29 8975
48 43 2527
58 11 8721
32 22 9638
86 94 8946
40 4 9891
10 87 5161
57 42 2924
81 91 5857
22 33 3239
55 24 867
81 23 5062
8 80 1172
28 11 2545
17 97 4038
62 36 3693
5 98 5280
17 54 721
92 86 863
49 7 1448
39 13 8671
57 94 2293
18 1 8625
42 80 8335
86 96 2283
24 58 1471
16 14 4868
47 30 2073
68 74 6658
82 74 1016
29 12 329
51 68 9922
96 86 8674
20 27 8953
6 64 3100
89 39 3709
11 55 7022
30 1 904
2 20 8277
11 2 1350
26 82 3361
6 33 1528
79 28 7265
52 47 1743
56 4 7507
56 92 4945
64 54 7751
38 83 1204
41 84 2375
69 46 2128
18 72 1910
30 29 3094
9 8 1621
26 11 8819
68 19 3022
26 26 2866
71 89 9819
73 78 5102
76 18 7137
51 38 2583
78 7 8806
39 36 2486
32 97 7193
4 22 656
74 41 5474
96 67 7451
13 89 7591
83 61 9269
36 37 9738
73 39 7276
7 68 9582
64 7 6370
49 90 9166
94 46 7939
49 19 8079
74 66 9797
76 78 1685
66 61 7846
34 48 5834
72 20 1672
47 78 191
80 41 6949
1 42 5039
18 35 8784
56 35 3354
87 60 5420
35 35 549
20 100 8561
17 34 909
50 57 1080
73 55 1658
15 86 4150
64 87 4691
54 4 3177
89 60 263
42 98 7774
61 32 6808
62 3 7660
22 19 3245
30 68 3301
10 92 7807
19 7 9992
68 70 2578
11 75 1082
39 63 9793
2 4 3142
75 17 925
35 78 4828
46 51 9046
90 81 5766
42 42 6657
100 60 4615
91 79 236
21 89 4910
54 80 3772
98 81 6528
39 7 8596
15 41 525
42 38 875
88 27 6907
5 20 9700
13 19 4559
28 10 8338
15 82 2078
25 35 8957
48 32 5589
27 22 3396
74 36 1888
98 78 8726
25 17 3504
83 73 9524
83 85 7294
93 64 4103
82 79 1584
60 55 7170
68 54 4301
57 33 5174
4 6 8010
43 56 339
20 32 4855
76 66 6379
51 48 8863
44 41 5979
47 22 1609
82 33 7015
52 1 5968
4 9 4052
78 64 3510
39 58 1217
77 30 8048
83 5 3613
61 55 7613
75 98 8253
53 96 2926
13 30 7359
27 33 3211
47 88 6071
50 65 5686
59 55 3943
75 31 2272
22 13 528
87 25 8234
99 100 6332
3 4 7979
28 69 4760
38 95 3844
48 93 9532
70 43 3348
55 1 3303
98 76 6085
21 49 6550
49 87 1074
34 85 1225
17 39 2981
96 67 7949
7 56 9495
51 4 3588
82 73 630
81 80 482
83 77 1657
68 49 1258
17 49 6544
42 83 1481
67 99 4319
99 46 4337
47 53 8893
41 55 7548
28 88 20
9 68 1051
91 51 5527
99 70 1128
8 38 5676
4 79 110
84 97 4409
2 47 5606
91 93 2110
83 86 7764
30 65 8451
1 74 7519
52 16 4621
30 66 9490
57 74 1379
85 77 5009
94 12 7958
54 65 3204
60 55 5049
69 37 6634
85 18 7898
35 19 5823
53 70 4538
25 51 4756
14 8 1381
44 44 7309
53 89 4020
62 43 2184
65 54 2491
13 74 1127
98 58 8345
96 45 515
70 97 2336
60 22 5686
15 87 8045
47 83 5088
55 87 3277
74 48 7019
9 64 4624
99 29 1849
78 26 6459
74 73 6903
88 43 7051
75 2 1524
60 68 6163
5 14 2345
92 68 1431
68 93 7730
38 53 8093
13 4 3921
62 81 8199
20 6 2471
22 45 8913
24 19 4766
48 78 8433
10 82 7646
54 26 6065
36 45 1357
65 35 8410
57 47 6065
30 60 9097
28 31 2202
50 4 2246
15 28 7916
80 75 2193
13 84 5827
10 89 3904
75 24 3348
83 88 234
44 96 6481
8 77 2992
4 56 3523
5 6 1326
2 20 3453
17 51 1427
62 63 7762
40 25 8450
43 51 1273
42 33 312
76 77 3660
8 36 1588
99 40 5944
73 96 5549
51 50 2020
3 18 3770
82 79 5585
95 70 1461
45 64 1111
69 6 2243
33 33 5971
92 40 2007
79 90 5798
22 63 3193
22 65 5494
93 67 7912
63 100 5342
99 95 3612
59 91 2975
69 11 3132
63 43 7964
34 34 6655
92 65 5845
89 38 1759
81 12 5723
27 4 7541
38 18 4993
79 68 9487
42 26 8529
69 46 7039
100 9 1682
64 94 2467
18 85 983
14 73 6821
72 5 8232
46 31 3587
87 20 6657
79 99 3024
17 92 502
97 60 3847
35 12 8007
68 75 2600
87 44 2336
69 10 308
41 81 8765
24 79 495
11 65 6115
19 95 965
42 11 8656
43 7 4868
42 93 6379
48 13 7505
100 51 4900
35 71 4409
95 12 4142
59 35 9820
5 97 8984
19 67 2978
35 9 7640
43 3 1498
10 96 7942
40 96 8654
96 95 8804
95 81 9375
4 27 3538
45 85 9524
64 90 7273
99 60 3439
28 95 7399
67 89 3302
16 50 4049
57 89 4944
63 84 1290
18 30 5423
44 33 7649
81 29 6734
57 44 5875
29 42 4834
67 21 7280
66 39 1868
19 54 9817
67 63 3857
63 25 5140
52 42 1270
74 86 6654
23 18 9083
8 74 1078
82 2 5272
67 21 992
47 38 2231
66 8 6836
83 26 6398
39 88 5922
31 92 6916
52 65 8753
5 39 4970
39 98 7796
69 79 8149
40 98 5821
31 44 1858
13 9 2265
49 43 7443
98 82 9630
20 64 2821
87 15 2438
39 71 6128
60 62 626
55 30 8156
56 69 3553
76 51 448
34 16 4357
50 16 7799
92 13 4632
74 84 9995
46 70 7861
83 60 4884
63 20 145
88 26 7426
95 81 9294
48 57 5796
95 42 9163
3 43 9878
54 87 691
37 12 226
32 57 9048
44 92 5907
27 54 8478
71 93 8204
96 87 5936
41 86 1144
89 33 2037
51 35 7232
81 40 7818
23 77 6129
48 60 1337
47 3 9528
54 30 3181
31 52 9273
86 100 5960
22 92 9497
17 80 7629
54 83 7416
85 63 6655
54 37 6331
34 84 2790
70 31 245
98 36 7226
30 18 3877
3 4 328
14 77 9520
62 45 9951
91 98 785
6 34 5547
60 87 3983
43 72 6319
84 42 1601
28 91 5736
5 72 9905
82 26 5960
61 39 6188
80 1 1733
83 43 982
67 48 4816
14 59 3754
48 53 278
18 37 9371
18 16 561
5 21 9732
62 54 2510
21 14 2148
9 46 7200
41 28 8942
22 94 1141
89 59 452
95 59 3204
72 76 8540
42 46 9408
2 2 328
85 63 4233
46 84 8746
94 92 6091
45 84 2570
39 57 6264
31 46 5422
82 92 380
86 63 3808
77 4 953
84 57 254
63 93 7969
95 39 7352
93 84 7295
83 28 9530
53 18 8686
68 49 2283
89 82 4074
21 67 4336
28 96 2439
32 31 1647
37 94 5340
5 40 8730
8 32 7613
2 15 1892
83 19 510
69 86 7310
51 26 2743
77 46 3662
12 25 4957
3 56 2387
1 45 2632
92 49 3572
21 57 303
33 10 5269
25 93 4687
86 13 7524
47 15 9202
89 91 99
50 55 4024
58 9 4631
45 61 2175
76 53 976
47 73 8384
2 6 8045
70 82 9489
9 19 1401
84 65 2416
85 5 2958
84 55 7364
59 12 4424
41 8 5785
16 36 3137
43 34 5209
26 35 5966
70 5 947
59 65 3365
11 48 6881
78 33 7886
36 68 6392
51 26 7355
75 18 3163
59 85 2798
95 27 9831
3 52 918
69 74 4974
67 84 3038
32 94 8985
12 72 8369
49 59 4936
40 9 5413
95 83 4431
9 41 515
58 87 994
88 90 7897
57 10 9270
30 76 7305
67 59 7051
4 23 7274
72 71 932
60 63 8092
24 9 6827
54 17 2919
21 74 9506
14 13 8147
62 70 8456
32 51 4083
88 70 2042
38 73 5564
11 96 2534
94 7 2048
86 31 8756
64 36 2172
82 56 7797
87 21 5462
85 83 9731
40 66 4633
23 53 502
16 43 9026
79 53 8574
64 99 4080
12 84 3662
67 99 5398
91 80 2505
87 19 5978
48 3 7360
30 95 4977
63 69 9781
16 84 8823
94 62 5728
67 25 1426
98 36 361
60 55 9359
57 45 7690
13 31 8508
90 31 2663
1 60 2257
77 74 4077
10 42 7460
84 35 673
11 53 6249
88 2 6237
100 13 9391
10 69 4235
100 34 4917
59 23 6899
21 24 3559
29 52 8584
5 61 2477
16 45 4263
40 7 8867
89 47 369
77 98 8781
67 8 9502
53 7 5035
21 65 1357
20 86 8532
30 66 5184
65 23 3796
42 90 3192
4 30 5451
23 70 1997
91 46 5894
71 64 2853
24 68 7859
10 40 8476
67 11 1013
50 40 4078
85 57 8100
81 98 6890
24 53 7471
74 75 9740
22 17 2637
68 40 5552
20 63 2719
79 73 1758
54 91 9569
66 92 6060
95 77 9816
47 9 9665
88 32 9870
58 6 9296
49 27 8313
85 94 2052
36 66 6366
6 96 6290
15 49 3180
35 66 4624
95 12 3100
62 58 5108
79 45 3839
48 54 1096
95 2 2523
7 38 3068
10 73 9233
28 30 1580
17 45 5880
49 31 3145
72 25 6509
71 39 1366
30 69 3663
20 68 4516
16 62 18
90 21 9155
57 30 7480
42 57 4061
21 26 657
1 74 3188
97 97 4064
57 19 3102
23 48 2670
37 19 2637
52 34 8651
21 23 2671
28 32 3100
7 25 9009
19 97 6686
76 49 9311
63 98 1507
26 54 9077
28 28 4424
49 64 442
38 16 8228
88 88 3950
10 15 3381
61 73 8457
21 92 8054
6 67 4402
16 29 6999
74 6 2353
50 33 8180
25 34 8144
19 23 3111
46 62 3098
95 71 9965
28 31 4837
36 52 8128
89 57 6846
91 25 1474
41 98 8780
93 100 1864
25 24 9749
20 42 1423
82 87 9184
31 34 2054
95 13 5837
32 48 3188
11 89 3496
57 31 9720
82 71 6070
13 16 5269
29 40 4444
77 11 7686
100 44 5924
35 74 3109
89 69 8973
25 100 5621
64 62 161
59 18 4291
31 100 1361
52 12 76
72 92 4967
15 21 529
52 20 9872
76 6 2446
36 94 4566
9 70 4717
81 85 7378
41 44 9396
31 26 4947
43 77 2810
71 48 1202
89 62 6222
18 14 9293
89 41 9598
86 28 5544
51 36 2965
67 68 5050
45 8 1645
92 90 2470
90 33 9946
99 55 2045
52 43 506
73 60 2071
17 1 2663
67 38 5391
62 89 5578
26 7 8846
27 3 1705
71 46 8447
92 35 431
89 34 4085
33 85 727
91 10 7239
13 78 7139
76 44 5576
18 5 7116
47 83 123
44 9 4677
49 32 3823
95 75 8857
25 64 8942
9 96 5279
87 86 4088
25 99 7365
63 26 4709
91 95 4365
6 41 2947
80 85 8208
57 85 5439
31 31 9813
87 55 7628
81 15 8224
59 1 1161
46 78 8511
62 92 2936
22 82 8882
87 40 9223
85 71 1859
92 79 8495
82 9 1225
47 48 6831
74 80 3045
49 38 3297
10 83 4826
20 96 8418
8 18 2351
89 56 3742
63 40 2713
73 32 6643
67 65 3004
91 11 651
21 37 1230
17 37 19
66 46 4753
91 18 9148
8 77 617
11 65 7172
52 80 8112
64 52 7995
7 71 2259
62 61 3422
64 34 9110
93 2 7546
63 67 6244
15 58 7361
62 17 2889
79 27 9005
2 79 1284
13 94 4288
59 52 158
70 13 6470
43 76 3703
52 20 7605
49 82 7823
92 96 6480
4 10 1049
92 40 7527
97 41 3305
32 54 151
19 64 2002
28 33 8215
98 75 2142
100 26 8662
56 75 4143
79 18 9691
10 22 4452
10 65 2691
37 61 7931
93 45 4636
43 15 800
45 43 1384
11 40 3459
52 91 8836
13 99 8710
8 29 8380
50 38 2501
1 100 6665
91 36 9878
73 28 3422
61 71 4288
12 67 9930
95 77 9521
53 28 6764
89 93 5614
50 52 7542
29 1 1731
81 1 9230
98 43 7565
75 67 2745
48 27 2215
35 38 681
17 33 2709
37 37 4088
52 25 3480
65 27 4083
6 7 2883
89 88 7035
18 85 9229
35 11 7396
79 58 2522
45 44 8112
77 60 9196
85 49 9232
24 100 3409
4 17 435
38 74 5041
21 62 6080
7 32 3864
36 66 7326
31 96 7183
4 92 6779
15 68 3338
62 4 9086
94 27 7138
2 82 6754
36 20 1827
28 92 441
8 98 5472
23 33 837
49 15 1984
83 19 4775
61 85 6242
99 47 5445
36 92 2823
25 93 5505
30 80 3924
57 7 3667
97 66 9064
68 89 5697
56 37 3663
39 19 2781
13 80 218
6 30 8816
2 17 7807
24 42 599
80 71 3978
3 79 9336
21 27 6402
85 46 5390
33 1 9978
95 91 7348
76 55 4279
45 60 4108
60 61 4977
66 37 1318
16 16 2588
45 71 3319
80 91 1245
33 75 8191
74 7 1343
51 54 2686
51 81 640
29 25 4152
89 84 8664
65 1 7000
34 68 1016
73 12 7338
91 43 6928
88 76 1555
78 49 6913
72 52 6666
57 2 9946
49 82 3322
100 22 9257
63 86 1909
15 71 1876
82 44 9487
19 34 430
98 21 7457
4 50 5957
17 74 5908
34 82 7361
32 30 4595
53 29 1716
62 44 54
70 58 924
46 39 3267
32 9 6753
13 6 2625
21 62 5427
78 78 6500
85 63 4881
98 94 7563
92 99 2343
7 60 7886
60 29 3895
36 74 1385
2 58 7693
6 22 2451
31 43 3564
57 20 1593
8 56 9555
40 53 101
2 44 199
45 3 1810
82 62 490
77 49 8116
13 51 525
58 8 8146
60 38 1140
23 46 2759
15 5 1615
21 45 1419
21 98 4063
71 94 3965
32 76 1178
22 4 2979
37 16 6281
61 25 4188
58 84 5678
98 58 9823
8 72 2180
74 93 4924
93 65 4673
7 36 1067
23 67 8342
52 40 3097
30 76 364
10 88 4189
50 98 9724
27 95 4182
1 54 5505
80 28 3249
55 72 7514
28 30 1201
46 52 6119
87 55 2759
35 85 9234
98 46 8774
38 95 3171
14 73 9917
47 74 1770
51 5 3049
52 60 5172
17 39 2201
17 84 804
35 22 8511
93 56 5595
79 5 7392
4 43 1739
74 8 4311
42 54 1284
63 4 1189
64 7 5300
35 23 1938
88 91 4873
43 78 6094
53 22 1401
99 100 4805
43 55 3199
81 28 2658
91 69 1011
27 32 6467
67 95 2273
18 81 8648
55 20 438
79 63 6467
24 67 6789
24 66 3340
80 8 4895
31 40 974
88 82 5143
99 8 8226
65 26 3272
89 43 1804
36 49 6024
26 27 9438
92 50 4204
32 25 8621
72 5 80
66 87 319
39 74 1
33 24 6760
10 40 8138
81 29 3080
37 16 6229
12 41 8807
49 85 6909
4 16 1933
77 39 5037
56 4 2123
27 95 5849
79 79 872
90 89 12
27 21 1892
7 57 8807
87 68 3900
45 68 3636
53 72 4803
86 100 742
74 55 6345
49 33 5291
97 11 6370
20 53 510
83 79 4630
74 37 3239
33 23 2358
32 68 1426
19 20 7349
21 57 8748
62 31 2054
59 31 7587
49 27 8049
70 98 201
79 81 8532
61 6 9768
51 38 6491
8 21 210
85 39 1481
85 12 2238
84 73 220
38 31 7550
76 32 6428
76 53 7725
29 84 4157
60 96 1263
79 46 552
21 5 9573
30 42 4663
11 26 4274
100 10 9147
19 99 8329
20 26 7112
47 53 1865
23 33 5800
80 44 7195
94 23 1992
45 43 6196
69 25 3937
32 87 8915
5 86 3524
3 56 8874
84 75 2551
95 73 8955
11 47 8288
62 26 1783
56 71 6505
47 68 8000
95 36 124
31 67 710
45 24 8347
20 78 6902
45 61 6628
47 8 7600
2 18 246
41 32 8724
23 87 646
80 86 213
79 80 3349
54 10 1067
63 7 1290
61 26 5868
62 23 9480
41 69 2887
92 70 657
89 10 8588
64 85 3874
10 64 1211
74 42 4090
22 47 9152
41 9 8958
30 21 9735
49 34 357
29 74 9726
67 17 3147
23 5 8909
10 69 8793
36 30 5656
46 3 3849
88 77 3495
39 17 1655
48 98 6675
34 99 8160
43 79 33
20 45 8949
66 20 1505
74 29 6425
18 64 4354
25 62 8209
25 49 1337
19 39 8453
25 38 9902
51 23 1552
10 65 6530
94 84 427
42 2 7546
99 27 6474
23 45 3790
29 21 703
37 46 4951
25 16 4741
77 41 9030
30 43 7552
82 53 3369
11 46 6204
89 40 9205
34 90 3984
8 12 6628
49 40 1848
51 28 9845
53 52 7761
45 80 3601
74 62 6743
77 43 5347
97 5 9445
1 94 7984
57 27 5173
40 86 7436
19 34 9128
19 36 8455
63 88 9459
23 32 590
75 57 1751
70 86 845
16 82 8050
60 34 6495
95 43 1021
19 34 7159
55 53 2344
82 23 7280
88 37 9619
98 12 4103
88 86 9759
90 7 3196
35 75 1430
36 34 663
30 81 2805
2 99 1839
60 5 743
4 38 7717
83 78 6253
53 27 6816
55 14 6654
14 56 8860
61 90 5134
90 25 4920
53 6 6200
9 7 6850
99 67 4307
93 22 1344
9 56 5473
14 8 9800
29 63 1265
82 28 1620
42 88 8061
27 78 8637
46 82 9842
97 90 9049
47 41 9767
53 33 4340
48 94 3695
21 7 3802
72 35 5116
36 69 1043
56 10 7483
68 88 3160
5 34 7793
98 30 1482
98 28 1474
64 32 5807
3 32 1252
49 4 1358
51 75 5644
66 10 4412
61 17 2873
43 85 6161
54 41 5546
46 38 875
27 36 8055
53 51 5038
11 6 3169
62 54 4272
19 56 4498
62 22 8760
26 34 8676
98 76 5012
58 29 6404
3 74 6342
30 52 2929
36 56 9579
73 66 3336
42 27 5190
65 45 1645
15 59 7818
74 84 1103
1 81 6278
65 91 5558
68 45 383
61 74 8587
89 9 1642
20 34 1708
55 75 34
96 91 4331
93 5 3889
10 30 9472
13 31 304
42 95 2546
52 62 5391
34 75 2416
72 63 1677
14 34 8210
21 89 1536
6 36 5926
36 28 8583
76 38 1912
47 2 942
3 95 3388
48 98 9302
90 84 1376
6 55 8890
82 20 1424
43 92 8664
78 98 5799
55 85 827
89 61 7916
1 59 1817
94 61 7863
34 61 5261
35 2 744
62 7 9250
51 40 6070
74 34 9261
37 11 5210
36 18 1895
62 6 9555
77 58 4013
45 4 1926
59 37 5838
71 23 1139
66 84 246
16 86 7537
85 60 4871
97 48 133
7 35 9250
1 48 3508
55 76 8465
19 72 4120
44 31 1156
81 1 7930
72 67 9465
69 34 4651
5 18 1262
27 66 1609
60 72 4196
61 72 7143
68 78 1071
85 49 1442
4 92 8824
12 25 2125
41 48 1143
6 16 8776
8 20 7445
69 99 2762
29 10 7234
24 70 5457
19 90 6987
89 26 5835
82 81 278
6 92 9802
82 85 8249
24 42 2216
51 49 2888
47 69 1486
8 97 4495
93 73 7516
50 43 4057
36 31 8934
70 64 9915
47 69 858
1 50 9694
1 25 9535
69 27 7735
56 73 5555
41 33 8252
87 25 9076
54 74 8818
63 61 4900
96 82 8763
10 81 5584
20 33 1133
13 85 9258
100 53 5084
86 8 2409
41 100 7641
44 86 717
19 92 743
88 54 4703
39 49 4785
1 11 7617
84 30 6649
69 94 2833
78 93 8386
13 79 6193
73 71 445
65 14 2930
82 84 221
24 71 2726
78 61 6675
14 13 4685
30 49 3966
78 17 7859
11 46 8604
48 58 7582
92 31 3052
36 95 9617
18 28 10000
90 51 5722
16 29 8034
90 94 9346
26 24 1594
43 1 5910
1 63 4255
4 62 8065
37 54 9747
40 41 3293
8 58 9421
7 48 8871
80 15 9051
13 56 4745
59 81 9920
4 23 4872
14 75 2435
20 31 3696
36 19 1201
82 59 5394
75 18 2851
95 25 2850
17 56 8116
20 21 8971
16 31 6451
87 34 7225
58 99 9152
92 71 834
40 6 9852
92 40 1962
85 66 6780
88 12 656
89 28 5663
5 99 9835
75 66 6165
78 52 8951
54 10 4101
5 53 5871
90 44 5029
42 88 4968
55 24 5333
86 11 5544
41 100 823
56 4 6574
90 78 3891
55 7 6343
57 61 1504
57 17 1808
28 7 7304
8 100 9191
75 54 9214
59 40 6577
54 32 7776
76 87 3631
1 77 6760
92 83 9967
34 39 3179
89 47 9195
48 74 5201
51 81 3752
93 7 4106
59 65 2097
35 70 8380
62 46 2267
44 46 6295
3 89 6629
21 74 2219
99 62 7165
94 10 3691
46 12 6823
98 5 1530
55 15 5846
3 49 5316
82 62 7113
100 5 7810
46 7 1299
26 80 272
44 78 2586
9 23 47
51 21 9958
73 70 4214
54 24 2028
100 78 6328
67 11 4889
79 63 7693
40 8 7852
90 34 5331
62 29 9660
99 89 3683
45 39 1655
54 12 4624
68 65 9399
47 16 8076
75 82 1738
63 12 6300
8 4 760
59 93 1745
41 6 1473
100 4 3462
34 48 1400
88 2 8463
11 69 6180
61 67 395
88 41 9129
26 56 9492
77 15 9295
36 73 6188
80 13 6793
5 64 3697
18 98 3296
17 85 9197
32 48 8317
11 8 2684
5 48 4976
85 73 83
77 1 5697
71 37 6021
10 68 6385
55 72 6449
3 89 6246
98 58 3782
47 41 7329
63 51 8989
98 7 6836
26 92 2608
60 68 5308
9 90 5696
29 52 5516
66 58 9887
14 60 1328
11 9 1237
92 7 8077
73 22 8027
61 19 4185
96 96 2976
55 56 6595
14 64 4337
10 44 2388
25 9 6597
63 74 4308
42 36 8816
30 80 8375
6 52 8596
84 12 4866
69 59 2162
96 13 3269
91 26 7532
79 87 27
18 63 788
14 78 2613
21 71 1749
88 1 4680
62 58 6031
9 42 7494
75 62 9552
36 57 7516
56 99 6693
39 77 2780
65 46 3994
52 59 223
17 31 9146
65 19 5646
44 32 503
26 41 8096
19 67 6257
22 2 666
37 9 7916
29 47 2345
60 11 2690
6 15 5549
28 31 1579
25 47 5949
70 42 7033
25 67 3425
20 37 9991
29 58 5244
94 94 2452
9 74 5498
53 34 4408
43 39 2674
43 18 6556
73 43 7802
22 64 3795
6 88 7861
30 8 6549
20 88 6706
63 81 8551
66 41 2425
63 46 7458
22 88 348
96 82 1317
3 54 3159
5 27 4223
51 84 1362
12 13 6321
12 84 1708
18 98 8188
20 63 6381
96 25 5926
5 99 5865
52 94 1746
69 48 7851
79 4 3778
53 55 9261
15 18 7726
35 29 9161
43 98 2459
82 18 6421
62 13 2898
87 18 6296
51 21 5641
48 89 3840
99 20 2344
28 72 1298
40 86 4915
65 21 9743
26 15 8841
36 96 758
8 58 622
57 96 9539
4 99 6912
44 46 5000
36 44 2371
79 23 543
76 63 7228
90 79 5100
32 56 5866
24 91 1362
33 99 671
55 7 3366
45 11 1664
56 6 3662
8 41 4505
78 19 7028
20 94 6842
100 35 5320
51 67 7976
17 42 3618
30 75 8668
100 29 2375
17 73 7385
33 81 5690
94 88 7483
50 17 2401
29 89 8095
70 88 5829
42 90 5347
17 58 1841
86 87 9715
54 86 5943
80 55 2767
64 87 7099
5 32 7586
87 81 5655
88 62 9143
34 31 7982
14 72 7271
13 40 9229
53 78 1567
67 31 2253
61 10 59
79 25 3945
78 81 6628
15 68 9908
69 7 9869
11 92 3352
44 57 5675
15 69 1167
95 73 3444
61 91 7526
65 51 9435
23 82 5611
19 59 5391
46 25 2610
6 94 9668
26 56 4659
77 100 6116
4 66 5736
70 60 5361
13 72 8351
38 89 3354
24 11 3135
86 82 1145
76 27 4969
38 84 6614
5 10 8870
16 86 6069
83 41 8186
18 10 8097
30 74 7368
81 63 7308
86 38 5271
72 23 1552
68 51 9130
36 88 7914
2 92 4123
71 7 7460
91 41 3601
76 59 62
72 40 3936
91 20 5450
99 57 7688
69 28 2610
72 95 1960
1 83 4699
66 84 7791
40 6 4949
100 48 8642
52 75 8252
65 98 5491
52 88 5063
2 38 319
89 58 7099
50 29 193
62 30 3627
60 47 7662
2 87 7519
3 38 9266
44 89 3792
95 53 6489
85 5 1077
99 58 1214
18 98 2172
16 47 1852
60 60 3033
87 72 9980
100 25 3166
19 27 6403
36 22 9643
28 68 2947
16 5 6603
44 3 6060
58 72 5357
81 87 3456
32 99 8667
17 37 9338
96 36 5963
13 54 9841
67 42 9615
9 69 7182
55 84 738
58 28 2641
69 37 5912
26 69 7651
33 52 8049
99 68 7085
89 15 8772
51 27 4278
43 93 9219
57 53 3739
91 8 7974
28 17 9353
20 37 9089
84 62 8409
34 46 2813
34 45 8980
70 85 5947
41 87 4173
18 29 9118
88 38 4070
26 28 8329
100 7 8497
52 27 634
93 10 6447
53 95 9393
65 80 4489
45 49 1073
43 41 1459
15 11 1839
84 98 5476
54 76 2255
34 75 2914
31 78 3740
64 70 9701
62 23 8447
54 87 8026
94 83 8226
18 25 1466
28 92 8376
67 75 4526
94 80 7301
1 14 1027
14 44 8704
5 59 2126
57 20 9700
3 26 4238
80 19 1073
5 37 9797
70 64 3640
98 82 5367
23 76 9046
23 28 9359
49 41 1154
4 97 8712
29 53 1184
28 55 7961
66 86 7179
38 90 8967
86 59 4783
78 8 2816
44 30 2191
89 4 570
100 52 1810
5 56 8706
69 36 958
52 64 3364
12 81 3949
42 18 7290
61 3 8501
43 32 2308
58 75 3238
1 16 1293
70 15 4797
32 19 8804
89 87 5439
99 90 4402
14 53 6282
63 95 2151
4 55 1806
4 49 5237
12 58 7812
1 10 1279
93 32 2293
89 63 1063
92 3 6302
83 1 9191
36 15 396
70 29 4390
20 32 9196
77 88 9596
14 99 2053
77 51 7815
55 43 4746
99 84 7360
13 27 4362
14 9 3063
57 45 9529
52 14 7709
93 33 4892
40 10 9579
35 75 4077
39 51 4327
53 57 1622
50 7 4405
9 19 4183
71 33 3692
85 41 36
65 44 5849
73 36 9633
16 27 3194
95 61 8120
23 51 2222
2 56 6778
23 5 6784
79 66 9655
61 88 8987
52 24 9379
39 88 8522
39 12 3509
24 27 3535
69 73 4547
89 96 4949
10 97 6204
40 71 5761
75 49 978
29 61 9865
67 65 8188
45 3 1827
18 94 8490
26 17 3068
12 85 5141
58 25 1488
59 35 84
62 26 5254
74 100 7754
51 81 5414
15 47 8278
54 44 2733
32 13 4626
73 39 6294
41 2 930
33 12 6655
72 70 2041
55 83 218
60 57 1617
65 7 4949
30 74 6496
60 79 4691
92 11 1703
69 83 7393
62 75 5295
43 59 2658
49 30 1727
89 36 7761
6 47 3817
75 11 3576
23 41 549
70 52 1979
60 43 6989
15 11 3124
7 24 3450
1 18 3109
10 67 9938
36 55 374
97 13 2372
65 39 983
40 13 675
40 35 9726
19 46 7220
59 60 7782
34 67 4057
84 19 6974
44 29 9540
33 16 147
58 64 9011
30 29 7749
64 20 4013
38 12 7947
15 82 6945
86 40 4
67 26 870
23 61 7541
96 4 9969
88 36 8936
34 94 9500
44 75 8180
44 38 2199
8 27 4810
7 41 7991
51 26 5083
54 44 5560
76 18 6520
16 65 3775
36 52 7262
71 37 3707
70 80 5481
49 75 6270
100 83 396
61 89 288
4 91 3165
38 44 6808
97 71 1625
68 86 4590
94 73 1593
7 44 6430
14 65 4461
46 66 3436
16 17 70
63 77 2310
51 80 7100
15 17 795
23 65 4266
99 84 1403
40 77 8528
33 84 8223
14 49 9987
74 94 4704
9 61 8220
30 24 8049
91 74 5828
90 40 5697
37 14 3213
54 13 4897
8 4 7225
35 88 1108
57 1 9308
96 75 4602
99 35 2314
71 65 6489
19 55 1062
98 97 1902
46 33 2167
59 38 779
7 45 7735
31 32 1922
91 88 6123
50 35 4797
3 86 7731
17 56 1347
5 26 7954
19 75 4650
72 21 4934
38 31 3071
69 89 3167
3 71 7398
76 13 338
98 63 1972
46 65 3357
29 81 9064
75 38 7141
28 56 3416
29 79 6288
14 16 8970
84 84 2710
3 38 8380
100 14 9793
89 11 2607
61 9 5071
69 37 2204
85 11 493
25 91 4648
92 71 5626
31 85 5593
100 20 5329
9 22 2566
41 74 1931
85 62 3194
91 74 7502
13 43 8938
16 27 5200
60 3 4242
7 47 713
84 77 2249
29 29 5568
57 37 6542
74 29 6215
5 13 7628
98 55 6402
99 68 8596
88 35 6922
87 95 7576
81 53 7622
93 89 9699
41 17 9127
60 25 8615
1 98 6544
67 2 5408
95 51 1463
96 1 6130
91 88 4316
64 27 3810
39 7 1963
13 51 751
63 43 2119
89 2 5043
55 3 4792
50 69 6946
58 15 4696
20 10 8249
1 52 188
16 15 5714
78 6 1772
40 18 2722
42 80 3516
12 20 7018
54 74 2472
45 24 6092
42 33 5507
38 4 3468
38 56 2220
25 71 5034
39 100 2191
62 91 4960
36 32 3039
51 95 4610
20 48 1936
91 45 7911
35 38 7943
41 75 9846
8 12 2453
79 37 7375
65 27 4775
55 40 2965
15 75 9049
5 26 5143
15 45 2643
50 88 9987
60 22 3176
54 14 7851
51 73 1314
3 52 7402
77 16 8180
51 22 5420
16 36 8194
16 41 6371
58 7 6968
100 8 8807
38 19 1628
14 72 9993
16 74 4665
81 76 568
83 4 2735
14 55 3357
33 22 7392
79 89 584
1 46 7542
68 46 3849
74 83 119
53 48 7942
97 63 3515
62 44 5642
81 78 5346
16 91 3752
72 76 3825
15 54 4613
51 54 1258
92 74 2755
93 99 9090
11 52 3437
53 48 10000
19 61 2795
61 94 2872
58 9 4762
9 32 6589
33 46 3842
97 96 1948
6 40 7873
61 84 4071
50 94 4874
86 98 274
37 69 1286
31 29 8479
54 38 939
16 46 5670
4 30 2768
98 26 2815
97 83 3354
69 43 937
91 92 5683
65 30 5532
38 18 352
75 49 9432
54 2 4469
92 69 9214
14 25 195
81 74 5672
95 22 3255
1 42 2049
89 32 4793
23 48 4922
7 37 5139
58 12 8239
90 65 7093
10 8 2813
24 21 1989
70 1 8462
94 48 3235
48 48 1476
96 88 3608
88 11 855
61 17 3492
52 74 2803
42 15 3619
86 25 526
99 100 1899
39 21 4151
53 14 98
87 61 5797
63 9 2185
70 48 1295
76 61 1363
19 12 6388
73 5 2155
43 91 6779
69 41 8530
19 79 1250
69 31 6964
19 18 5276
15 80 8236
99 1 4284
45 28 1044
59 47 7
47 71 9411
1 14 2701
31 34 5393
60 52 6772
61 72 4354
24 90 8671
52 5 3902
87 55 3654
22 52 8782
65 10 5480
23 8 6550
34 60 8315
86 90 4948
31 1 1051
2 62 4423
7 37 1512
78 88 8116
31 75 9123
37 96 9474
70 13 3235
1 35 6795
2 20 5954
17 58 196
64 88 1696
15 89 8057
37 47 2594
48 76 581
16 7 6607
90 95 4955
63 64 6667
49 64 8101
43 65 1373
49 81 2830
44 97 4217
39 63 8657
48 99 503
93 98 4779
25 65 1737
32 54 5031
86 68 6146
4 69 561
56 63 4825
28 11 9958
9 54 906
25 45 2368
33 92 5118
36 84 667
66 8 3484
2 91 2689
84 28 7757
29 31 977
41 87 6439
17 66 6450
26 75 7555
31 99 5099
50 84 3490
19 19 8025
86 36 9285
21 37 3875
9 72 3103
17 52 9985
93 92 2623
84 8 2389
33 34 4815
39 16 1413
38 66 6248
79 84 766
4 21 5153
88 41 8441
14 50 2012
68 18 8363
5 11 4406
27 94 8614
67 78 9999
81 16 3114
46 5 3031
93 84 4867
11 87 9287
63 26 2480
4 91 781
15 11 8298
30 15 2360
35 41 9405
100 60 2234
50 40 2050
64 85 6654
46 78 9537
12 40 5075
51 2 2552
82 5 2195
62 72 7105
11 53 3619
23 39 711
27 39 7122
61 40 4962
62 55 8346
15 1 9875
4 64 6666
30 14 1168
34 95 4524
28 8 8747
84 71 2199
2 93 5638
64 71 4028
86 31 3719
99 92 1474
96 59 6674
23 14 6889
88 95 8703
55 28 3649
31 55 2509
77 38 9931
28 91 1923
17 7 593
96 44 8176
14 94 6719
39 89 9229
12 11 5242
53 51 8889
7 57 16
55 87 3523
15 16 6512
45 95 8955
19 11 1561
12 58 4156
39 71 5349
57 10 6189
86 73 6552
79 77 3102
67 83 3358
35 38 8197
57 4 12
20 1 58
74 19 1268
86 82 6725
41 20 147
41 77 3008
82 14 8333
33 44 3009
86 63 2092
43 49 5581
91 5 2336
2 76 5936
59 50 4655
78 35 5436
54 28 2808
53 20 7136
12 1 4001
96 85 8644
57 70 2658
100 13 9706
80 55 9662
67 57 9038
55 67 6787
61 97 7173
96 2 8000
55 54 3672
90 18 7672
90 13 5609
86 69 7878
43 68 542
1 99 1797
14 66 8005
3 72 9223
89 32 3071
14 79 6273
65 34 1678
36 23 2295
60 65 2808
68 50 8928
97 44 6396
39 44 3494
87 10 8911
91 12 8582
65 53 9865
36 66 1844
8 30 3677
85 18 8851
80 29 5015
39 96 7164
66 44 4308
61 82 2503
7 20 1412
69 10 6424
3 75 7028
67 10 7693
10 69 5474
38 53 4043
89 84 1071
3 74 8518
19 40 4262
26 52 5195
80 10 3115
92 31 2376
67 33 5850
94 51 9311
38 13 2679
63 50 3984
6 90 9167
76 45 93
94 63 6632
7 88 4235
1 19 45
67 10 5675
43 28 6059
92 73 4709
55 62 6173
85 25 7775
68 30 8364
87 5 5660
79 50 4122
10 8 761
96 9 8080
40 27 3841
66 69 4469
24 13 9693
85 67 855
57 51 9779
83 71 508
47 57 464
6 35 8166
80 96 7873
40 43 1133
19 83 7412
60 48 6380
80 24 6592
72 8 3710
78 16 413
56 99 683
15 97 6391
31 54 1277
48 33 8324
72 73 1766
57 91 1648
68 50 6348
47 81 5571
91 53 6730
52 30 9645
16 38 8443
50 4 7839
40 86 3493
16 33 9525
91 5 3049
57 61 9440
56 80 5241
3 78 1274
25 68 4526
54 72 4907
99 87 2196
93 37 6900
32 28 2185
76 44 2570
52 34 5926
1 42 9738
92 98 1417
84 52 3694
57 77 9514
34 82 2585
93 32 6023
88 25 511
39 8 2439
76 35 9434
45 86 9819
70 38 5361
7 81 4058
23 17 4961
68 25 7289
81 59 7771
17 51 8754
92 90 5978
2 29 6337
40 4 6971
25 48 109
44 69 8798
4 27 2479
13 1 5447
25 68 6271
14 1 5829
84 17 1731
37 60 9821
67 62 9701
55 53 7204
78 78 7603
86 73 6823
35 28 8249
65 40 9649
11 64 4716
82 29 5668
62 64 2385
45 1 6296
65 19 8857
17 73 1562
20 50 7491
74 87 6463
96 22 190
44 38 9081
92 49 8096
59 82 4525
27 43 2488
63 39 740
58 3 1610
67 19 1435
28 90 3536
70 63 8023
32 10 6396
73 53 1133
53 96 4033
48 7 5014
24 33 2609
12 47 8547
3 4 9002
13 22 3672
47 1 6114
82 70 3928
56 53 3938
3 25 742
88 29 3990
20 77 8396
86 52 9628
46 15 9126
92 18 481
45 82 8903
69 80 2303
82 13 4525
9 21 5677
98 23 8654
40 10 6182
81 82 2710
76 19 2762
55 64 5176
80 7 7045
60 4 9978
62 72 9057
17 53 4170
93 13 6042
69 63 8364
22 54 1326
56 34 8959
65 9 6277
26 63 8592
54 94 8098
50 5 6501
28 19 7472
84 35 3476
5 27 8441
46 47 6303
62 21 4156
39 76 5989
97 92 6549
73 18 5463
64 23 1856
13 72 2560
14 99 6478
37 35 2264
65 91 4442
5 37 5041
59 50 2713
66 88 7288
54 84 531
54 8 6148
16 23 4722
23 35 594
82 100 6444
12 89 4978
27 53 3069
21 9 6757
61 19 4406
73 84 45
12 37 9928
42 90 9387
42 57 4309
63 79 5495
8 12 3095
4 75 3635
81 54 4239
1 74 3347
9 86 9965
14 58 8248
58 21 536
37 14 3377
23 55 2233
83 70 1663
78 29 7874
24 32 6401
58 65 3154
96 65 8927
94 74 5112
58 39 4421
57 49 493
44 37 7506
20 60 4313
4 42 5634
18 19 2062
43 42 2746
43 51 6310
96 46 8526
74 39 6151
37 48 3590
57 56 3590
49 99 9726
55 70 7737
19 73 5579
52 90 1449
13 85 8443
58 27 193
19 75 7291
45 48 3081
95 85 3881
36 93 7936
25 42 2135
3 48 6204
39 66 8729
17 69 1370
18 81 8354
60 91 2433
4 9 407
94 5 7554
27 100 1690
7 35 883
42 12 1976
28 14 2475
84 4 6692
64 73 260
85 90 1592
39 1 3434
23 4 2095
29 50 6099
34 76 1598
76 34 4885
10 27 9548
85 55 5313
11 90 9916
54 53 5288
13 37 2877
56 27 7477
90 49 5633
36 29 8282
34 15 1209
84 90 8294
68 99 1120
67 35 8174
79 97 8363
46 50 6767
86 14 8404
14 21 682
91 62 9683
75 97 5811
8 31 9325
68 14 8266
61 33 3516
80 99 7050
54 29 4046
68 26 7547
35 11 1460
90 25 81
23 67 6842
5 41 3839
16 100 3521
92 67 1134
58 27 618
73 6 8816
75 11 96
72 31 4373
19 17 584
30 6 660
62 28 5726
56 85 4118
46 100 4117
66 43 3283
51 52 6261
68 77 1466
35 51 6129
82 74 2259
54 44 2975
37 74 3032
96 35 3111
73 42 9247
90 87 4546
58 52 3741
40 2 2392
52 21 6720
18 55 7422
98 36 4896
8 90 3039
34 78 9664
65 74 4851
27 98 1792
74 88 679
71 45 1382
63 37 5036
7 88 2256
26 57 8211
48 6 5698
43 13 6387
33 46 3565
97 62 7890
47 41 5087
38 14 5626
68 36 3623
50 99 8711
37 57 798
92 82 407
54 29 7312
52 23 6477
38 56 4522
54 52 7184
43 50 3924
82 39 3989
7 7 8276
81 8 526
91 96 9482
41 87 1864
47 93 1444
10 44 6767
86 33 3574
60 87 5177
95 81 6426
18 62 1816
58 21 5674
33 1 5733
11 92 7028
92 32 8167
7 30 7359
51 91 302
69 29 9734
42 88 5572
70 82 9353
47 51 8866
62 8 3386
36 92 9239
68 2 2430
48 46 2813
14 52 4442
72 54 7332
25 74 4312
58 67 7199
30 36 2232
34 82 6982
99 44 8141
37 31 3985
75 98 5038
4 97 783
68 10 5787
9 33 1492
92 57 4666
4 67 5232
54 48 8368
86 81 3201
19 79 8844
12 15 3674
48 41 3424
85 96 5120
20 63 6930
58 23 2562
1 15 8671
66 70 8637
50 75 4384
69 12 5264
69 83 6494
13 94 1461
38 93 9401
61 77 9097
33 48 9711
14 57 9334
27 58 8000
97 23 3669
33 24 2595
68 92 4307
83 61 8489
77 25 3282
89 62 1726
41 75 9802
89 59 3702
100 72 2858
33 98 5115
32 95 1490
52 79 7213
46 47 7005
4 29 417
92 57 6293
25 97 8306
50 38 9880
4 78 5190
5 77 8461
62 61 4959
29 44 9705
18 47 1335
30 45 7881
86 48 3662
54 40 8818
46 16 3867
52 66 5504
83 69 1881
73 25 2710
33 86 7322
43 66 7366
99 83 9212
34 65 5456
14 50 404
27 56 8895
97 1 4210
63 4 8075
18 87 2995
50 11 6319
59 95 7257
81 38 922
98 36 5157
9 69 821
17 35 7622
20 13 5977
66 9 2178
75 71 881
2 88 8319
48 90 3329
67 48 724
75 80 1813
48 77 6300
4 38 5521
76 54 7355
98 25 8167
26 90 3128
3 16 3398
36 17 3538
6 65 5427
87 83 8126
10 9 8958
22 56 8934
73 12 6323
93 87 3876
47 36 1052
66 62 4041
93 16 6109
42 3 2625
31 61 5641
57 47 1475
35 56 7383
92 29 6991
25 1 5454
100 94 3592
27 92 9028
79 9 441
71 53 8
79 47 4963
56 77 3623
48 86 5669
23 20 1824
57 11 6604
99 87 9956
52 86 7401
44 13 2645
23 43 3853
15 13 6858
74 92 8704
36 99 5632
58 46 6717
26 20 2788
1 29 98
56 27 6637
12 31 6022
12 26 1186
56 48 6828
61 14 3341
70 87 3184
73 75 5334
56 32 9079
73 10 4951
60 10 3979
10 18 9505
46 29 3335
19 92 9060
57 100 2059
84 12 9124
76 81 263
11 5 437
44 60 9620
75 84 7129
25 96 7491
55 57 7308
11 54 2888
98 72 1631
9 28 9830
68 64 393
43 39 7473
57 2 8829
45 45 3741
65 71 5276
45 95 9871
87 1 6679
46 12 9632
33 9 7456
16 17 4983
45 36 8098
90 79 3789
14 87 1590
43 32 6834
83 96 7657
58 92 9951
81 79 6752
11 24 3915
43 9 8423
98 24 2039
32 20 3175
30 9 7305
18 23 4691
7 17 2122
92 99 5569
48 8 2161
51 40 5739
54 51 6314
68 45 422
42 42 6045
80 73 5717
6 54 7125
10 71 6799
1 29 7215
74 73 8465
43 20 5825
55 22 9164
45 27 7866
58 46 5210
32 87 8651
28 67 5876
44 72 8629
21 34 7052
19 86 6380
86 59 2504
50 53 4024
74 59 6297
90 3 9724
55 13 921
65 44 5608
67 23 8526
42 67 6497
23 39 5882
26 57 8667
57 94 9678
61 44 4482
36 69 5241
32 58 395
7 65 9907
28 29 6902
35 95 7425
12 89 7191
60 63 6029
42 88 737
8 44 8531
37 4 4226
19 39 7294
11 23 9604
5 81 2668
12 8 8048
13 94 8042
37 5 7582
79 65 8944
59 58 5531
96 17 6427
78 54 1430
3 24 3621
48 34 9295
51 38 8175
70 1 7535
17 66 6628
11 2 6685
92 33 4201
36 91 5058
18 38 4274
44 67 7879
26 21 4002
98 69 4235
92 71 5325
18 93 825
52 9 3990
32 19 2244
16 63 9128
68 50 670
25 67 7608
50 63 7526
29 40 1947
82 37 867
17 80 3889
93 97 33
17 49 4642
59 80 4812
2 47 1774
29 14 823
98 90 3842
57 39 904
35 19 6143
33 1 9531
51 69 4010
91 61 4106
24 77 3706
65 87 3085
76 88 1631
2 68 3544
24 18 6585
65 26 2324
20 12 7694
14 44 3994
44 94 8162
53 85 5522
11 8 3251
16 24 5337
1 51 377
83 52 7496
79 28 7365
63 92 3943
38 64 4754
32 77 8098
77 21 7543
39 25 627
12 35 86
14 3 561
3 55 512
31 37 8063
78 15 6742
43 30 7686
85 67 8149
38 50 625
87 27 997
30 17 6922
8 80 5208
46 94 3210
6 48 364
17 78 4653
32 55 9619
73 49 1848
58 33 6367
6 23 4516
83 9 6642
79 90 7258
52 98 4590
12 43 9183
73 100 1782
37 17 59
41 100 565
59 72 4314
59 82 1598
25 39 820
40 21 2781
34 52 8670
91 55 1819
80 66 2313
14 39 713
95 27 7529
5 19 3528
70 77 5451
35 35 4632
32 59 1923
4 51 1595
36 84 998
5 26 7053
76 58 7670
88 23 6060
52 18 8938
32 74 956
11 43 8085
62 29 2171
45 61 3230
67 16 4832
62 51 915
11 55 7792
63 82 7349
85 22 1472
96 73 1941
34 5 8814
41 15 9009
25 76 6837
96 73 3897
77 91 3712
8 4 9062
74 15 4969
65 29 9602
66 13 8923
37 9 9996
77 42 6700
42 82 8914
50 59 8442
87 54 6266
35 82 7956
99 89 1460
12 14 7774
32 30 302
34 95 6715
8 31 5775
3 59 68
54 1 6901
68 2 4359
61 40 964
26 75 9945
81 25 2485
92 88 5850
65 20 1480
19 5 3074
85 12 2105
59 67 3215
26 20 2515
78 39 8069
37 99 4008
52 76 582
49 9 558
33 100 6646
83 65 6517
62 83 3421
35 19 8984
91 77 6850
6 54 70
72 31 3908
40 19 3159
48 23 7734
81 71 1942
91 55 7242
36 89 7758
4 50 3792
76 37 8410
59 79 3738
9 36 9843
30 8 3625
37 99 5796
47 98 7318
81 31 840
74 21 2494
67 8 4483
76 11 8284
67 86 6972
28 96 2651
65 4 4886
59 85 2545
84 74 7344
79 20 9641
96 100 6371
35 26 4443
80 92 4150
62 68 4712
46 86 3197
17 14 7645
19 30 2200
5 89 3285
49 72 1158
92 2 8977
85 97 829
7 83 8654
50 62 2397
99 76 9816
11 73 4702
59 89 8167
3 60 7596
3 64 5536
39 64 9259
96 8 4560
72 92 5108
52 98 1742
57 99 6956
54 98 5231
69 60 1203
22 70 1843
88 25 9802
36 27 6317
23 17 7581
82 12 7288
93 35 1431
53 87 6380
46 95 6579
1 48 2528
83 69 2587
37 42 9008
32 30 6732
33 17 4310
2 39 5026
82 72 37
69 17 1024
51 21 6110
30 66 9356
8 19 456
35 1 5576
73 90 9417
81 21 6498
12 5 4414
74 6 5053
99 87 376
88 7 8592
11 57 3864
72 39 5230
27 46 2348
82 33 6800
57 5 6141
74 37 5861
23 1 8466
37 74 6623
41 24 5210
16 11 568
60 21 7777
23 44 3215
4 71 9812
3 4 96
3 61 6653
95 86 8489
56 8 5041
73 96 4266
95 36 1190
56 4 8552
76 15 4673
52 37 1068
18 41 8038
81 95 8742
77 97 8754
29 92 7491
69 99 1450
10 23 5046
75 17 6033
16 25 8436
68 100 3550
92 3 5239
59 20 8731
49 52 2725
42 28 374
95 8 1465
37 77 915
86 38 837
83 64 4205
16 80 6229
51 99 3828
53 90 1130
91 48 7701
21 96 9705
45 89 4532
18 35 7892
34 71 1920
100 9 8009
36 91 4072
41 6 4003
21 9 1
1 13 9442
30 3 690
83 23 837
87 19 8626
70 89 9160
13 22 6283
84 22 5091
92 9 3333
16 1 691
18 22 5599
71 22 4311
12 3 2065
1 37 1239
90 75 4557
67 97 8745
78 9 1619
60 93 4092
2 36 7000
35 51 7253
25 69 8374
75 39 3247
37 50 3001
53 3 5338
91 44 2664
99 62 3160
96 39 7421
14 51 7365
5 4 1000
56 38 8751
8 14 4619
33 40 1309
79 28 1910
32 32 3464
69 22 3159
84 73 9620
44 68 4711
16 33 8361
80 89 8364
79 44 8054
29 4 8119
99 36 511
59 67 9538
69 98 9970
84 18 3043
43 1 3315
62 96 2234
24 11 5066
84 90 2254
100 69 7150
5 49 7005
23 100 3840
33 58 9958
23 78 2007
44 62 5324
38 56 5277
5 69 8672
38 93 9283
56 76 4472
61 27 1592
10 31 9393
66 54 2492
6 38 4901
15 60 2179
22 55 492
45 93 6647
21 97 6615
45 86 1459
27 41 3187
50 2 6513
94 63 5844
86 29 5649
29 86 6438
29 100 7750
59 73 5904
50 70 6648
96 42 3296
63 86 8082
21 12 2422
59 14 1275
72 59 5438
67 96 4618
67 24 6303
4 4 3154
5 63 827
9 64 996
8 12 8937
4 74 3323
85 46 9786
6 5 9151
33 28 3009
70 94 7104
39 12 279
41 15 7435
94 20 4397
72 80 712
67 87 323
56 90 2548
30 26 2494
67 84 6050
18 16 9729
78 37 3022
34 75 633
12 15 8999
98 60 5870
46 84 3501
58 50 8540
80 57 7929
28 86 8807
73 5 890
22 22 1805
50 99 3341
23 32 115
7 96 4781
57 93 492
79 91 8075
79 48 4877
18 27 9833
99 54 8971
5 26 2075
94 99 4648
50 100 9698
90 74 4330
56 80 7877
88 89 1421
79 67 5711
54 45 1458
30 15 5337
14 13 7190
84 69 8568
10 62 5518
57 63 7770
55 52 8343
36 59 575
64 46 3463
36 76 9229
47 29 7725
56 10 1139
92 24 103
34 59 7071
53 69 9284
70 77 8546
39 83 4549
34 70 7407
8 33 4604
70 69 280
50 67 8860
74 22 8870
65 66 6493
67 99 3403
90 3 5323
73 24 6900
71 15 534
19 48 4204
78 55 8488
33 24 4808
12 25 5226
72 98 1200
93 14 8065
37 33 5715
39 22 2717
62 46 7292
13 16 4506
46 87 9053
1 64 1507
41 48 1682
100 60 8806
26 83 6956
25 75 7269
41 11 2553
55 1 7174
23 62 9472
14 74 5287
20 72 8225
72 72 9340
31 12 9588
64 64 5599
22 89 9881
77 13 4007
97 53 4469
50 59 4669
75 81 9931
46 46 9856
85 65 8627
9 89 3151
1 71 1914
88 34 6077
86 7 865
18 35 3829
24 84 6681
44 33 4191
12 59 2723
94 57 9569
2 41 5585
28 1 9825
78 1 3795
92 88 1881
20 25 2887
85 42 6474
13 17 3557
46 60 3041
36 24 2099
59 69 6555
79 70 8047
63 98 8448
40 27 9800
34 70 8988
66 90 664
5 26 2006
78 38 9722
34 35 4634
26 23 5057
24 33 3625
31 11 195
29 25 9744
76 64 5422
76 50 2792
15 67 633
78 71 3458
35 100 1447
57 85 1282
42 10 3504
98 86 836
74 68 9198
20 96 7822
15 24 9238
37 99 7239
80 65 3705
12 94 4228
21 29 5279
67 37 4064
48 78 6325
3 75 4162
90 100 4129
87 20 6977
61 86 4800
50 22 3750
88 53 2814
92 64 9007
71 36 687
50 3 1223
65 2 1600
89 5 3226
3 46 9726
83 33 3997
59 45 5782
58 94 6856
7 33 8
72 24 2224
31 95 6959
17 96 2013
40 60 2315
39 100 4071
65 2 8116
42 85 10000
38 43 7544
71 53 2689
26 59 6321
86 83 8497
61 13 3443
19 81 6438
84 72 7897
98 11 496
68 27 4750
35 20 8434
35 57 1228
30 79 1580
19 57 9591
91 42 8073
39 2 8737
81 72 2269
70 55 3541
66 4 503
14 71 29
15 58 900
48 92 4408
27 21 2686
7 91 8942
49 34 9535
21 72 6688
9 53 7360
29 22 6266
69 40 9370
71 5 7092
51 19 7549
50 18 7092
57 44 3265
95 2 8755
36 50 8940
23 22 9612
10 82 6916
69 11 937
35 79 8628
56 2 484
47 4 1254
48 54 9371
39 62 8767
3 8 1020
10 44 5722
49 66 943
60 27 4477
75 96 5887
64 82 1417
43 89 5218
27 35 6374
80 34 3079
3 25 9740
21 27 1748
40 88 8043
61 37 8160
56 48 8786
32 75 3633
18 90 8966
86 32 4154
56 10 2641
29 42 1974
7 44 5598
98 64 6777
97 55 4264
39 16 3352
50 23 7300
88 54 5726
20 71 3215
86 56 1098
91 11 9860
31 91 4401
5 97 6796
54 95 5811
30 91 2465
46 82 8832
97 83 5854
48 70 8007
73 42 7529
87 79 5837
37 69 4499
96 100 9890
48 56 1438
43 61 2532
53 43 3975
69 88 3808
1 84 190
6 32 4612
65 56 4353
93 43 4731
81 31 6251
80 78 5202
21 25 9909
58 67 5970
42 71 6512
68 39 2151
75 91 9886
16 97 7017
27 61 8325
31 5 4319
13 86 2449
64 17 8926
65 37 8150
26 46 3268
95 87 3738
58 6 8376
60 80 2367
45 48 7915
14 74 3027
38 5 5231
56 69 6716
4 32 8332
81 49 6320
82 74 5766
49 20 1904
86 29 5062
13 88 6341
31 32 1340
97 45 1966
23 82 8922
54 89 3290
21 44 1322
5 24 4570
24 5 9295
41 53 5114
97 90 1242
58 55 9829
50 85 7112
90 82 3757
55 4 790
76 9 2531
65 30 5074
38 86 3698
59 9 9254
53 2 8659
18 50 5648
59 7 7654
39 8 4339
51 97 2672
59 3 9327
48 30 5888
30 47 2717
4 84 7202
53 43 5662
6 47 215
64 65 2764
64 75 4722
17 14 2430
7 16 3578
30 74 133
9 73 4662
96 3 3160
64 6 4244
17 58 1538
30 15 7984
45 79 1400
60 94 6675
82 62 6340
63 69 1155
40 50 1228
24 58 52
38 53 7454
97 68 1211
92 84 8668
29 14 8135
65 58 9213
64 17 2958
90 50 4319
29 12 339
83 4 3689
62 79 6398
14 16 8003
19 13 7570
30 4 8654
49 33 3267
83 49 7976
47 64 5544
4 54 694
23 82 8557
13 17 2712
53 30 3291
51 43 1306
53 62 9918
22 91 6074
75 39 4958
93 74 906
68 20 1669
12 24 274
57 98 6708
13 10 8476
77 63 6805
67 65 1748
72 17 3461
42 90 451
15 65 441
24 57 1566
29 25 6686
49 88 5109
23 44 3858
82 8 6919
57 84 4333
61 50 2497
60 74 5765
20 67 5355
22 33 9919
15 56 5427
80 84 3503
65 84 9690
25 58 7385
34 39 8793
53 47 2976
85 8 9578
34 67 3551
98 39 7517
52 60 3901
22 74 4956
49 6 4291
3 70 3574
45 47 5784
29 80 4922
21 32 2169
49 69 4328
26 2 3146
28 99 2084
44 51 7944
44 24 3869
51 72 5074
41 27 4596
66 71 3894
49 51 473
23 24 3957
91 72 2325
70 49 778
15 76 2376
99 71 5178
94 66 9102
14 16 5925
40 56 9151
87 73 1173
80 22 3024
4 44 9847
60 86 970
36 55 9618
65 21 5693
41 19 3063
70 64 5628
23 78 4695
48 69 8202
50 55 6074
23 34 447
46 89 9890
44 1 5627
13 88 5633
30 53 3054
74 45 6324
88 14 3388
67 37 817
61 36 3685
62 85 9291
87 7 5176
34 4 8164
75 47 8564
2 11 1404
86 92 4756
39 65 3700
63 52 9765
2 18 2053
70 30 6488
6 43 8573
96 30 5831
23 15 4935
86 89 8433
2 42 944
57 28 8435
12 18 2952
63 32 1203
27 85 7873
32 54 1302
19 11 6045
43 58 4526
74 80 840
60 18 7580
44 71 374
87 27 4853
74 38 4070
77 52 7054
31 30 838
3 61 8944
57 32 1406
53 74 1164
78 99 6095
69 58 8012
100 2 4534
73 40 4360
25 65 4949
47 41 10000
100 24 1982
89 26 242
84 34 325
90 86 8099
53 15 8449
99 35 3607
11 35 1060
96 7 1751
56 84 468
56 30 160
56 81 8383
89 21 9361
82 5 4394
7 94 2232
57 98 7398
5 96 733
11 58 6167
22 54 425
25 9 2008
92 16 7689
51 23 4521
86 11 3342
46 93 9446
91 99 591
22 55 1588
20 11 1235
4 22 1193
70 95 8698
94 71 1758
54 62 1673
94 65 4796
15 2 3106
56 47 9550
53 37 8100
95 11 3206
34 30 3317
68 33 8390
12 54 9484
61 99 1055
18 52 3568
91 98 7184
38 12 285
43 19 2231
45 71 120
44 65 9830
50 98 5111
66 17 343
55 81 748
90 41 4046
96 59 4950
64 1 1147
99 38 7158
84 32 2676
66 76 3498
37 20 214
66 21 763
76 86 6379
70 92 959
17 81 3200
15 29 1210
64 44 310
62 42 1647
71 77 1030
98 95 5306
95 31 5277
60 97 4149
22 24 8886
100 94 7877
11 62 3309
62 76 2589
71 91 2932
32 52 7874
78 74 402
59 71 6396
16 17 2327
44 76 8023
92 97 1298
77 49 9791
5 59 3305
66 72 3180
54 42 3423
86 73 2474
11 2 2900
12 60 4670
8 28 3987
86 71 1062
60 15 3011
57 91 9859
100 48 5269
4 65 2440
83 70 8933
57 7 8705
31 17 2458
30 81 4869
51 40 7596
37 25 8619
51 84 5733
61 92 4175
71 91 1822
91 94 1038
30 29 1708
14 85 3114
70 67 9483
27 48 1215
47 99 8354
95 87 5930
13 89 1965
45 1 7756
19 71 9447
93 61 340
82 42 6320
89 7 8105
55 76 7223
37 2 3871
51 1 5421
56 95 9507
85 7 6248
49 3 5948
4 21 1171
2 65 831
94 47 6425
13 87 531
17 41 4559
40 77 4612
62 79 1912
82 34 406
40 18 5064
87 18 5266
35 22 1539
5 75 5703
87 68 1501
63 81 4288
46 49 3528
4 40 5057
15 53 3735
27 34 4269
84 26 8938
48 12 3356
65 98 1629
3 2 3203
58 41 4771
58 55 9003
97 100 4003
25 3 643
33 70 5495
67 96 3981
87 31 5606
25 30 2969
80 95 5667
8 97 1220
62 6 460
84 64 2515
86 60 4266
41 36 7569
83 68 6090
29 87 9037
61 73 3167
66 97 9897
35 28 4491
1 87 4839
20 1 6645
32 84 1408
98 22 6119
63 62 4307
83 96 1026
72 76 12
8 37 8237
27 2 8285
23 88 9865
65 40 8251
3 60 9351
47 43 4287
6 40 5708
77 54 321
35 89 2416
60 60 191
24 20 3979
12 46 6681
96 20 320
60 84 7860
63 86 6871
65 85 7813
51 42 5904
10 18 5409
30 52 3897
97 64 3809
40 87 7828
18 98 1825
50 45 9344
70 57 7579
29 19 8664
99 83 8300
63 86 1542
18 95 7211
26 77 9615
23 73 9778
31 12 416
10 30 9765
34 79 6109
29 48 5665
7 28 3035
22 78 7570
22 40 3555
15 9 9401
25 35 9077
39 9 1350
68 91 2761
83 52 3642
47 37 673
8 65 7820
24 71 2000
11 44 7377
80 17 4469
86 31 9177
86 8 3263
63 98 623
64 66 5065
76 100 4416
18 99 3204
90 6 8068
61 81 9290
60 91 5534
89 22 1450
9 7 4933
37 93 3192
100 7 9489
74 70 6306
91 45 7706
58 62 9804
62 3 5061
29 64 5493
71 75 7784
4 15 2205
5 23 2312
89 60 3856
80 11 9562
69 84 3483
26 26 2027
31 84 1541
86 45 6343
46 25 6958
39 95 5385
74 50 8999
78 55 4974
41 95 6133
48 75 8443
9 95 8878
43 20 2504
70 3 6439
10 88 1183
4 34 7507
14 24 1054
98 97 1003
48 26 1509
21 19 7504
53 66 8530
47 27 4076
77 69 447
32 90 5349
70 51 4937
4 7 622
62 20 7897
15 17 8193
70 16 2770
78 37 3940
33 89 5558
62 88 3536
89 64 5004
36 47 1046
84 16 496
72 71 2402
45 32 73
41 99 2541
85 68 5157
7 45 2893
46 78 8233
3 91 5972
38 80 8635
94 15 4133
91 50 9848
86 74 2370
40 18 6502
12 11 6000
53 95 8219
61 1 1963
53 99 3792
37 53 5883
9 91 8662
95 36 8928
28 26 5677
27 63 6550
97 2 8520
50 66 3130
1 70 1276
19 30 5729
81 34 427
73 22 7279
7 30 9821
68 25 3056
95 4 733
23 30 6996
25 78 6949
44 27 666
25 27 687
100 97 2168
28 78 4353
54 2 5475
85 8 1504
5 27 3780
13 73 6435
97 95 9317
44 71 4794
45 14 2073
10 38 7151
49 38 8248
16 17 3677
69 71 878
43 7 8437
98 63 8663
30 75 3187
64 24 4981
32 67 9652
26 11 5717
50 73 6307
52 21 2696
99 88 612
27 8 6834
4 2 8640
92 100 2203
54 81 6929
40 96 3552
73 28 1771
76 5 8533
44 54 4505
50 57 3077
45 56 6417
9 82 2524
42 38 3226
82 29 6377
84 35 2109
64 26 504
16 50 7231
38 77 9787
70 21 3892
27 22 3049
55 19 1856
71 27 7637
47 68 326
72 1 2007
100 84 7693
8 48 4218
11 15 5620
94 52 1548
32 73 1368
24 99 442
72 54 5112
27 76 5990
15 22 3557
41 45 9158
99 44 4993
91 3 7992
60 66 1706
79 59 609
27 90 6882
46 13 7732
39 36 6237
2 62 8813
91 29 686
48 21 5083
57 19 2026
1 61 2681
93 20 4846
50 51 2104
59 29 6945
92 26 6910
23 17 1397
12 18 5911
76 9 4439
61 8 3659
43 64 1929
21 64 589
1 8 208
46 58 9110
1 68 6138
97 11 1716
58 85 9932
55 96 2249
65 71 4657
55 84 7064
13 26 4979
41 98 3395
29 50 302
88 47 111
98 99 3430
87 96 7140
2 5 1677
33 11 572
82 27 1695
90 81 9378
54 93 5055
84 85 753
78 13 1854
80 53 501
42 50 1499
72 88 8146
63 90 3703
39 22 3213
63 55 8940
57 97 5320
86 2 2365
40 85 5649
44 63 2114
