1100 5000
352 274 2400
357 377 7376
817 570 4288
633 479 5079
1001 67 671
528 1091 9531
632 232 3831
1005 341 6541
853 444 7897
269 174 3067
184 525 2340
84 1033 2868
511 750 3937
98 434 7268
28 334 4134
650 1014 9676
881 545 3059
663 450 7999
655 354 1395
852 774 2768
70 957 1245
509 92 2977
529 603 3326
17 852 1359
1084 880 4993
17 581 1006
345 361 9102
903 75 4351
854 730 456
148 633 7729
867 702 5786
1011 262 9729
1088 790 4231
965 959 2635
24 942 3666
668 11 4346
125 355 4207
126 309 6133
729 62 3962
584 361 4646
265 128 8547
902 190 7061
530 177 6702
913 194 7760
1047 369 7502
12 1036 6412
657 212 4166
715 337 174
848 117 8788
761 853 5048
207 17 4427
505 918 1817
1065 499 6545
367 311 1938
778 409 2058
879 420 9193
42 129 9756
507 995 3793
333 742 1061
372 555 9313
771 913 8981
198 317 5850
1066 434 9649
1010 952 7311
200 629 5120
857 560 3091
502 601 9219
357 160 414
701 492 2807
214 1015 6713
426 685 425
807 1034 5194
56 999 1727
1056 1061 3078
167 160 3358
786 68 3717
876 569 6918
147 1078 3477
260 830 9920
318 1043 5034
931 369 6570
407 227 2604
200 434 7654
578 390 1914
655 556 3673
565 393 7693
881 168 461
698 466 790
826 725 6120
345 95 214
1030 1025 6034
352 483 2560
707 683 1994
960 160 3983
74 967 2190
598 431 5382
90 211 3001
151 1061 4267
492 938 5943
563 335 837
577 416 2013
10 767 9896
922 373 6030
67 233 5789
701 306 1307
790 1055 3237
171 45 8000
23 347 2512
189 838 249
284 301 7483
320 1029 5599
585 90 7517
232 1011 9490
561 1077 1874
101 677 231
760 518 4585
596 840 2629
947 863 1175
310 103 7365
459 386 7317
1093 858 1245
1043 494 7886
660 725 7097
801 337 9925
74 589 354
904 248 6923
740 996 8663
469 842 1277
695 52 2679
659 662 1517
127 806 8626
623 749 6019
109 460 6295
757 312 9131
281 385 3019
786 340 5619
709 131 3814
523 599 1955
99 346 5258
1029 56 3971
145 183 5577
270 805 8377
888 913 9888
334 569 9599
1064 1002 5735
335 839 2174
953 447 6204
366 21 455
772 119 6100
282 48 3207
604 344 6389
480 766 5946
308 705 7058
595 1039 5879
93 1002 2332
127 388 6770
652 240 2469
56 757 8089
362 581 1260
1013 1014 4659
619 517 9802
408 997 1667
53 204 6272
762 799 9910
1092 891 8063
375 70 3751
497 721 8942
117 776 7451
857 189 1231
616 101 8244
574 872 2460
876 179 5808
994 383 6664
717 196 8562
226 340 3804
1041 866 1773
43 262 994
384 378 4021
534 135 7662
316 902 1662
11 376 8285
71 303 1215
330 348 6397
793 1065 9945
6 342 7736
110 282 2101
434 324 2515
379 860 5092
152 445 6978
113 913 9432
326 923 4407
311 993 761
625 375 3808
374 67 6172
470 73 4114
1057 334 2047
157 919 3723
771 350 4434
815 501 5278
44 765 190
175 1090 7413
833 452 5757
693 129 7383
901 654 6250
124 175 9974
789 131 6007
636 287 5177
10 110 2126
243 1076 7226
1072 19 842
614 346 8284
1078 78 7835
486 923 3415
269 875 5068
118 998 5442
191 687 8624
749 374 4011
177 383 3172
903 777 4847
80 748 8717
22 261 7862
105 390 9392
791 876 7714
658 44 2988
1025 161 7737
619 503 6075
494 303 48
504 479 6082
775 433 8610
73 665 2910
490 686 9170
151 942 212
194 632 9087
1007 341 9530
646 266 4142
183 1036 2896
557 429 1798
357 1085 8728
690 911 5813
700 36 277
509 525 9314
730 827 4855
241 1021 7438
627 1079 479
108 625 5396
849 959 3983
44 567 4863
793 1075 8399
1073 665 1410
685 416 1445
13 924 7221
26 705 247
32 1098 2619
669 624 5698
699 732 5174
994 632 8784
428 676 6250
291 368 325
441 492 3441
402 228 7856
398 240 2831
918 265 7535
217 296 8532
535 17 4908
984 715 6191
9 761 6522
1092 88 5149
542 530 3869
118 23 7760
510 424 8988
65 822 4179
847 639 9944
1081 855 191
365 442 2359
424 325 574
266 334 9286
739 477 6125
788 70 2307
408 187 6229
519 696 5652
858 912 8373
337 658 7964
232 791 4670
422 207 1111
933 630 5688
1058 895 3573
843 685 3549
867 372 8219
625 931 4257
253 350 5105
457 107 8616
381 443 326
944 674 1416
466 148 9474
276 1080 6703
715 1037 8349
387 931 7285
688 849 2309
906 374 3639
514 778 5388
818 286 9247
1086 667 3041
1063 662 3067
730 27 5866
603 455 3797
157 69 3785
605 608 5115
789 195 6615
397 152 7888
1088 665 4218
1027 535 4903
1073 520 1021
614 634 4183
32 263 1761
697 865 8515
393 1021 6484
177 677 1943
1043 517 5737
557 1066 8788
597 1053 1704
314 979 3238
468 4 4709
189 769 6442
723 800 6204
183 396 9820
98 940 3992
233 168 7068
975 110 9037
963 818 9502
950 314 8454
653 779 3984
1043 147 8987
851 487 2855
345 109 5006
1048 443 4953
720 692 6492
311 924 6111
731 950 6220
567 964 6138
368 813 103
273 518 5982
56 612 1380
943 362 966
549 706 1626
955 806 8768
807 425 7260
651 887 9935
661 517 8737
933 1083 9400
922 502 713
124 774 7082
257 830 5393
536 824 6706
201 272 1112
278 126 3869
646 1085 8445
605 635 8831
539 347 4800
475 179 2682
275 1100 4684
1039 276 5609
272 532 6738
116 120 9761
321 472 7533
284 750 1410
104 295 6346
348 1051 8832
531 641 4979
130 168 3709
963 594 1161
98 684 3788
7 955 7571
744 122 3890
257 442 62
41 878 4063
102 981 1957
148 381 59
979 911 5599
109 92 18
670 106 11
130 356 8994
169 362 400
739 157 9621
329 565 9715
542 605 8144
404 707 2424
712 854 56
970 884 3518
920 45 7609
1038 714 4067
648 995 1222
1094 215 4683
293 953 3891
866 181 2256
780 874 3660
623 177 2218
498 1040 1571
754 1061 9607
23 881 1303
332 970 368
1050 517 4314
871 662 6928
105 955 5780
747 720 1113
702 551 2986
314 73 1815
631 570 5906
854 375 8967
1012 398 2947
114 881 4216
233 830 2784
246 752 7646
473 1008 5552
704 654 6123
16 408 9073
354 873 8897
1020 555 8018
525 460 6493
1091 371 542
489 636 1422
856 868 5903
792 13 5206
289 637 4013
740 241 8918
14 256 5825
786 761 1097
682 680 6952
199 257 1311
243 247 134
684 888 8369
1057 643 9089
211 334 253
116 622 8790
80 413 6830
698 426 1837
774 263 6798
471 1096 6229
874 195 9685
636 589 2484
769 173 7571
590 281 5513
330 492 1799
82 759 4072
471 991 4237
152 588 8414
89 261 5677
938 883 1272
418 656 3218
3 344 4359
1086 164 2531
856 905 4563
320 134 6
270 216 4065
842 838 3455
1030 42 7094
543 282 4454
471 119 5689
243 536 1396
512 690 9239
270 827 2055
352 734 1859
715 1054 4093
772 375 5360
336 268 4449
1042 197 8190
287 740 4771
893 110 7341
181 504 2129
276 68 5170
867 489 2597
521 841 8330
1079 607 7883
823 278 2110
934 766 2377
783 859 9274
824 46 1213
47 938 6574
487 18 6630
667 445 4597
437 211 1185
1033 731 5277
162 862 5083
497 584 3313
106 418 4030
1082 252 688
207 1075 6733
71 173 2970
45 660 1439
826 378 7184
422 814 2146
658 898 5677
635 1060 8690
269 608 2573
333 865 1742
62 998 4293
650 105 1120
334 175 6992
956 371 5603
494 96 9081
629 669 8946
975 227 1444
3 861 1255
44 181 2614
516 514 1278
610 575 5975
802 276 2331
173 610 1558
665 617 228
1019 10 7676
499 791 2144
1097 817 1170
240 971 6382
746 1014 9215
759 581 6628
536 90 5354
362 1044 6082
445 116 5543
702 932 3059
229 851 6420
4 401 2810
600 397 7078
169 636 8548
903 281 8613
717 91 3494
96 626 7635
49 40 8978
582 484 1346
624 237 5377
182 617 9379
1002 773 6080
411 272 776
941 592 1264
88 394 2444
553 162 5987
498 257 464
532 458 8203
662 1039 4238
1059 563 126
35 744 9743
166 645 7115
545 108 4386
220 100 9077
683 339 7571
479 891 5432
365 288 5641
1028 972 7198
783 533 2536
72 643 3550
698 829 594
840 994 2790
654 438 2949
891 810 4500
467 544 9639
589 74 3329
873 590 1769
313 670 6240
362 352 8424
197 575 9666
899 172 1694
144 63 240
185 868 8677
334 658 6838
733 177 3282
523 765 9507
1052 689 8797
1072 1001 7966
811 262 1569
286 611 3843
403 409 1267
248 704 3581
1087 888 1549
164 273 5906
353 58 8434
934 580 3999
793 683 7087
1089 654 3340
6 364 9953
374 801 5815
368 103 4475
686 351 2878
1067 489 166
267 652 5638
1072 57 3795
158 990 627
956 682 3109
394 822 9363
985 827 1978
890 252 9379
304 772 3933
279 357 7335
956 475 9824
473 741 6427
263 713 3983
109 1022 2125
535 1029 358
544 322 7480
258 359 4158
335 148 5610
265 451 8381
298 881 89
984 889 7964
907 413 9904
686 675 8168
368 784 1189
92 370 9317
802 1065 5991
133 222 4549
290 557 7648
851 821 4750
1083 170 6683
572 54 9971
535 12 7483
290 697 1210
758 1065 8593
198 208 9314
515 61 3779
357 193 7700
557 483 9408
904 385 8281
905 368 4602
687 1091 9355
409 677 1419
392 966 4515
101 775 5331
745 973 5991
658 539 6851
688 895 1744
788 351 1178
647 306 762
227 110 1581
129 797 7371
235 105 2447
505 648 6713
372 900 1039
202 696 3911
544 406 7349
795 1093 7343
290 932 1145
419 479 50
780 857 5160
561 985 9508
483 272 3064
930 776 3312
294 47 4163
432 401 7859
595 1096 64
195 790 908
690 131 1740
434 549 8318
484 381 5274
643 1093 7211
802 475 9834
1065 456 4561
1028 901 2260
943 385 8260
301 979 1255
216 73 8097
123 914 6879
962 248 2428
231 731 4560
205 425 2152
367 126 5278
800 242 34
1060 170 5834
571 12 3718
482 464 3948
237 831 3873
1085 5 7186
15 19 5033
594 249 3815
453 605 2339
304 971 2816
782 822 8310
767 934 5779
400 404 8442
570 886 4157
617 174 9339
889 158 8543
975 324 9861
359 918 1610
474 270 5414
1012 726 4837
880 559 3358
989 225 1891
319 776 2695
912 245 6732
1020 1014 8905
858 954 14
700 828 6937
561 87 8454
822 712 9124
587 775 3801
223 554 5059
833 594 5635
175 912 5010
869 875 9607
400 794 7020
256 551 7473
269 151 8153
606 863 4091
759 584 9102
234 70 1876
586 445 1582
244 177 175
278 351 6139
140 272 7913
246 823 6007
417 1079 6109
441 247 4059
345 1004 8773
487 815 5508
88 100 9678
616 686 5174
749 929 2650
375 259 3052
913 398 2723
126 795 1098
284 263 728
992 855 5274
903 100 730
727 586 2844
35 826 3443
664 493 6328
637 141 2909
786 667 2467
489 480 2716
312 757 3262
161 92 7476
1088 1083 2830
213 1037 3829
342 664 7267
337 850 5892
280 413 636
1059 1049 6728
567 886 694
485 274 5025
952 737 1281
165 897 8172
740 884 1807
1070 149 2595
550 490 9310
616 827 7459
559 158 3071
46 116 7671
773 835 7556
119 371 2130
1043 375 6818
524 539 15
247 179 5150
105 300 7498
1000 849 4140
661 517 1566
72 1075 2275
842 21 6242
765 945 6376
472 1063 4199
453 1006 6073
71 581 1611
585 979 4641
86 1084 1640
684 35 9141
823 847 8057
840 918 6983
66 812 6555
507 476 3500
835 947 4862
433 300 2019
405 522 6251
1067 158 5730
808 243 4965
999 1078 6551
939 952 9797
447 691 4867
1030 756 8478
684 315 1005
335 49 3651
1049 481 7602
567 1037 3323
970 55 7180
1099 862 675
415 913 4952
865 751 504
113 250 5246
279 179 1454
156 1014 5368
660 249 9716
63 349 5048
1016 1067 7436
291 936 8490
670 934 2852
496 400 1216
148 164 18
751 277 3667
1096 707 9145
149 863 5711
768 574 511
183 788 4759
382 704 6825
517 994 2961
707 715 5246
810 111 8646
877 410 6061
594 60 7289
561 207 7196
857 508 610
1067 175 2183
577 510 8271
587 891 2826
412 460 2819
72 218 4485
969 79 2147
1014 955 756
275 448 815
1063 1008 274
510 765 7881
819 883 5355
754 512 5116
376 1098 9507
701 409 5018
1071 632 7435
1055 653 2313
202 566 867
857 992 3114
624 7 9074
597 516 1538
129 235 5272
935 40 8083
51 415 7433
209 15 3793
826 1085 125
560 91 4377
524 292 5194
190 201 8638
455 976 5644
628 472 9759
617 752 7945
389 586 8736
823 636 4050
155 844 9416
48 721 1300
724 180 3243
952 703 4686
645 1044 6386
534 399 1861
277 1026 1384
688 543 2835
384 1083 4273
120 805 8108
269 12 2904
585 59 7324
1036 934 5156
478 785 8710
516 481 8854
753 1015 5052
866 343 6377
349 1030 7071
736 466 6053
608 585 4110
167 1005 2321
570 641 831
746 577 9764
1 106 6200
110 773 5332
163 426 9446
766 191 3241
195 691 122
165 326 4387
270 1085 4771
79 152 8028
999 873 868
1029 518 7296
1044 518 554
743 628 5326
1074 942 703
372 608 2193
164 802 236
985 18 4961
72 287 9698
994 517 9849
721 415 7373
141 495 6891
288 590 9908
693 384 1487
619 510 481
173 1033 1940
1018 96 8593
353 1080 7510
165 203 7449
1062 97 6165
62 969 2332
1035 161 6778
325 449 9268
284 193 8703
1023 963 7712
503 36 8444
894 1053 491
986 305 7623
147 621 4225
695 583 7773
660 796 6294
243 730 7006
320 106 7206
39 390 3799
142 464 8461
905 18 1896
501 911 9000
191 796 7304
13 942 7177
38 689 9259
462 400 8806
755 642 4136
261 13 1193
366 52 3534
664 345 8997
825 149 4414
72 801 1724
372 992 5871
27 1004 8013
303 93 4653
213 707 9252
919 513 493
306 773 1505
898 191 7908
932 1006 8404
480 882 705
994 954 9605
369 377 5596
540 403 2652
704 858 4996
456 1070 402
607 1040 1515
451 245 5339
155 195 9081
215 26 187
618 505 3468
222 550 7173
779 919 3949
126 358 3804
477 113 7561
125 568 830
478 226 5122
244 676 1866
783 982 4960
715 248 7937
401 866 9794
21 139 4943
745 1069 7813
746 95 7922
49 723 9634
209 847 3953
490 377 3778
711 620 2305
229 454 1039
1040 69 7886
777 621 7603
222 641 4542
216 438 7362
29 83 8956
350 131 4679
936 491 9525
40 980 2953
318 743 3773
474 971 26
512 1062 794
950 890 8967
52 11 5307
545 379 6044
1007 407 1478
462 908 2708
792 895 9998
869 935 530
221 304 3072
193 777 2194
619 341 9207
164 342 5697
330 393 7807
189 938 3185
484 996 9643
862 357 5103
421 49 9197
319 917 8583
400 189 686
123 382 515
968 52 9107
674 367 4348
170 849 3840
929 1037 4829
813 572 8324
308 485 9633
710 906 3433
1058 124 5601
141 675 9089
778 797 4022
1092 664 4073
950 237 2740
997 559 8988
489 387 4476
1069 251 1599
445 710 5484
177 471 5189
261 429 7064
313 721 1638
553 550 4686
75 542 2049
747 543 5637
838 440 1147
677 1080 33
604 1048 4536
3 392 7945
986 720 1716
826 980 5044
789 344 9216
478 897 8565
963 971 9958
1011 769 2501
499 659 6892
546 387 6971
30 991 3918
865 45 8762
210 82 4781
25 907 8113
420 747 4356
587 124 8952
203 1086 2274
361 48 8395
113 546 53
304 143 8939
626 325 5881
895 89 6125
456 450 1506
889 474 3564
101 1045 3010
756 683 7833
260 886 2718
885 146 6065
79 410 9863
83 865 5257
474 390 2281
754 336 1822
131 792 5471
536 732 1297
1052 832 693
1061 639 2876
94 1050 2761
363 987 6658
680 1065 7067
442 200 3583
650 673 6824
1031 478 7059
552 608 9402
674 44 8633
170 1095 2864
863 107 9155
38 200 104
250 715 690
607 294 9307
425 887 2358
7 436 2430
130 366 8107
740 1069 5515
1042 643 2510
974 964 2656
790 726 8962
144 915 5614
699 64 1680
41 822 6873
447 298 3759
104 304 7594
585 585 7012
443 225 7480
909 318 7174
318 191 1038
25 32 6115
939 327 5282
4 1026 1297
883 1066 819
955 564 9968
965 819 3272
158 303 6608
21 897 684
953 706 4901
326 75 4244
815 252 1575
1082 90 8754
215 93 3179
511 27 4596
681 33 5959
49 997 2329
972 206 9783
279 227 2779
115 231 3184
267 556 6211
610 423 8162
37 556 4351
890 770 3095
720 332 6073
515 1013 3805
1025 1061 2753
153 932 510
835 262 4088
365 528 7318
449 795 3726
911 304 700
372 492 4355
74 281 2676
20 52 607
1092 566 5319
148 642 3131
200 794 7314
761 680 828
449 1045 4355
366 545 9149
991 355 5805
1090 878 5896
796 951 4529
171 970 4880
978 13 7898
748 160 9539
479 511 2133
192 171 8164
319 771 7708
26 37 3004
374 79 7558
230 221 2235
426 1016 7737
106 239 806
937 116 6570
134 1015 6129
1073 393 1291
757 737 6214
20 107 4984
480 132 4920
383 658 2451
793 887 5571
979 364 1338
1016 469 6076
1073 306 6743
43 591 8658
423 715 1302
214 371 5638
327 543 5197
110 74 1628
82 608 6785
132 300 6472
554 331 9287
891 246 3408
519 218 3713
413 412 7155
70 835 570
424 1048 8792
413 426 9986
509 687 8211
737 768 119
673 1051 5970
396 656 8000
483 447 297
90 17 3667
154 429 4678
960 651 5812
129 1074 4711
1073 538 7588
510 1047 3075
21 835 2442
291 407 845
860 955 7500
812 337 98
60 578 4714
626 883 795
504 742 645
267 1023 8270
130 47 9307
417 556 8953
291 576 5187
1085 1018 1146
729 930 3300
1028 641 7288
826 852 6517
791 378 1051
85 1033 1692
29 199 8066
250 480 2612
857 897 1668
461 87 9795
900 71 7113
645 951 5942
396 879 634
635 756 1485
503 446 8514
153 531 46
696 559 4597
62 961 6876
573 717 824
692 77 3163
287 28 2685
1051 824 236
392 271 3314
677 905 8369
713 459 114
27 611 5696
524 207 9407
120 420 5867
348 992 4383
371 584 6611
633 1022 7739
18 972 5262
353 415 5185
618 1091 2089
538 855 7900
903 1033 4610
699 457 2968
105 728 4687
471 1075 8731
453 346 414
815 30 8587
105 47 7658
219 551 6272
603 68 1414
943 757 4568
642 560 601
952 158 9557
671 262 2384
810 732 2311
840 236 3808
505 1050 37
91 55 3684
648 273 7686
671 1027 9006
684 869 2362
451 411 4221
303 414 278
611 1084 9939
547 793 9070
457 684 8405
864 88 907
200 178 4313
835 977 237
921 547 3863
278 282 3631
239 885 7441
760 87 2606
489 698 9390
328 144 1534
1049 752 1418
906 515 2157
712 866 9635
724 601 563
60 573 4862
574 850 3943
704 140 8727
297 899 6166
302 288 5815
443 767 6410
429 715 261
946 520 7527
754 283 1892
740 58 3392
603 117 2416
64 842 1617
1058 598 3357
737 894 1855
502 247 94
168 842 8012
1077 170 8327
689 167 8498
815 920 3081
706 560 2738
250 62 7707
365 277 8200
382 386 1497
690 22 1390
796 675 3189
90 994 9930
453 22 9499
279 710 9665
929 576 8936
761 334 595
650 583 7908
656 1099 5736
556 532 8022
104 121 6195
394 917 6422
134 58 867
563 510 9589
213 941 9198
29 921 9926
764 581 959
11 130 2041
418 938 8291
154 545 8623
427 648 9095
873 93 1563
1046 226 6120
13 940 3482
101 204 1974
1050 232 6446
375 48 3626
33 58 5307
425 475 9196
816 780 7140
790 258 3340
884 31 9184
947 128 7862
118 140 9301
1051 240 2057
876 342 3088
521 716 387
898 749 1844
305 73 8071
952 888 8450
1044 729 60
683 513 2742
566 511 9269
827 780 509
1080 883 2400
436 658 4141
175 79 5657
1062 28 4257
905 332 1981
427 184 7121
729 127 4649
188 961 3661
929 578 8423
849 457 5055
757 588 7037
109 1023 9046
749 249 1176
57 362 3404
113 319 1035
394 745 5970
614 373 5348
614 560 8860
27 540 9338
1049 289 994
803 97 9481
491 205 6855
837 6 2555
312 62 617
915 327 9235
902 872 6479
123 537 3504
723 50 4015
82 76 755
171 177 5695
564 31 2991
596 522 7748
702 410 7753
1057 721 1366
825 688 6492
759 489 7815
489 763 9751
592 385 9653
307 619 4828
713 789 2756
307 405 5787
149 1000 7308
196 754 9069
248 862 3189
666 586 2128
309 396 568
824 1036 831
926 528 967
1078 986 3485
358 598 4074
913 1056 78
399 104 7329
558 300 9034
26 699 1395
367 264 7732
294 573 7279
862 448 6515
144 273 5294
910 251 7631
247 760 4280
220 572 935
749 23 6938
77 732 6389
463 910 7040
609 176 255
241 621 8879
571 534 726
837 829 8251
682 639 4753
412 1037 1412
891 156 7335
377 1056 1957
1067 32 1641
955 494 2750
746 155 1177
801 395 9049
479 17 583
757 854 5663
207 587 2553
59 999 1089
822 941 1696
1056 218 4451
365 184 3035
405 190 6480
254 936 2534
582 788 8928
430 318 1997
964 1074 1902
127 332 288
79 542 1138
120 263 2379
315 219 7648
466 735 3883
800 39 3824
679 444 4511
713 1025 6198
192 506 468
788 370 1693
341 648 8125
329 878 7218
518 997 7681
548 212 9551
795 829 4785
429 528 5023
253 258 5718
63 970 1694
661 214 1999
780 53 9920
872 394 1119
196 874 1797
214 291 5745
646 991 8308
196 685 3936
632 14 2015
6 418 2673
923 480 4794
816 192 3659
266 971 4912
86 743 3157
704 1090 8682
152 355 2624
597 1000 3714
304 247 9599
992 878 6864
6 883 9333
530 857 8812
1076 724 556
734 990 8678
597 1075 8520
1005 830 7262
86 982 9416
710 630 5368
123 933 8314
373 824 5744
788 982 6326
520 563 4835
884 538 258
339 324 947
1068 1072 3173
340 977 1703
701 114 1036
468 823 565
135 1098 4949
201 370 8125
44 210 2106
921 729 8620
455 512 9758
713 1002 8233
1011 970 2604
184 361 8732
338 1061 8946
525 580 5868
89 715 5917
889 1067 5987
313 162 1996
718 1082 3276
890 589 8640
347 353 4993
431 263 4662
334 598 5222
418 1087 3934
463 511 214
382 751 5780
299 540 5298
737 852 8159
284 622 7040
559 411 3128
398 909 3032
291 239 4995
204 724 1244
478 41 7131
863 503 6393
728 1037 3244
359 387 8983
1056 23 8086
814 306 2659
554 1016 4969
1033 466 7477
765 908 4767
911 163 3091
706 792 3883
336 555 9738
781 334 2874
724 693 5560
258 648 134
795 362 8591
854 1067 558
374 51 8323
803 967 9582
369 929 2645
811 535 5436
194 1022 8242
231 702 7628
356 477 3020
867 886 2419
300 581 7632
190 486 2050
147 859 5153
722 561 3619
3 930 1500
699 792 7334
1087 985 7307
1080 115 1461
307 622 9389
378 388 6427
1097 687 4307
280 1028 4744
530 227 2
982 948 6615
352 2 6644
651 701 2235
536 687 7272
495 666 5138
55 973 5060
395 250 8947
521 398 3286
279 678 313
522 107 3291
676 140 7838
290 491 6240
985 194 7492
271 729 678
542 275 3095
1080 481 9667
191 876 2469
637 296 3918
974 575 5295
139 148 1353
629 823 7244
967 164 6587
358 48 880
601 319 160
278 1012 1735
772 991 3415
191 233 4590
11 870 8038
380 895 8064
175 1033 9411
379 562 4786
875 580 4449
761 937 7749
840 589 567
699 866 9230
985 689 9821
500 1031 2805
1041 93 8074
930 473 4321
293 799 9153
1056 77 2214
441 951 7693
141 763 8181
41 502 1169
259 253 3686
389 137 8827
561 788 6257
965 729 1150
191 558 3774
311 1003 3072
363 958 3100
29 450 1103
121 742 3665
354 783 1667
74 1041 1619
660 329 1607
986 889 8695
294 906 175
643 1096 4084
516 306 8486
239 820 5495
39 848 3544
941 21 9786
405 374 8320
523 447 3360
893 158 6841
300 43 8581
646 337 1386
620 31 9681
355 699 4138
941 1089 3910
587 27 1209
531 19 3729
268 576 2354
787 150 8253
146 1043 5110
138 394 8105
1019 91 3493
604 710 8775
337 116 7725
526 108 3414
435 695 5292
244 125 8111
72 544 8238
578 230 987
582 527 681
743 665 2574
947 735 8064
691 238 7325
618 726 793
294 152 600
1059 586 8594
751 829 4670
613 1053 8613
102 682 8742
688 163 1121
269 905 6237
394 904 2671
610 646 1808
586 163 6034
678 609 5837
878 567 2422
671 369 9703
741 981 1407
405 1082 9888
299 822 6102
719 142 8806
855 687 5161
777 196 2307
936 782 1721
569 511 1129
505 288 6648
79 11 7216
481 903 7297
39 207 7830
126 657 9803
679 275 7544
884 181 6331
97 957 578
903 793 7611
1075 413 8222
756 1070 9361
1003 200 3271
670 832 7325
66 870 3784
848 47 7740
250 725 6667
1046 660 447
176 756 4456
905 710 500
216 685 964
37 492 1685
297 394 5084
720 1063 7215
944 181 5836
579 80 4482
719 481 5606
185 426 718
1083 753 2273
890 558 5283
389 925 7819
605 961 1010
789 309 7855
73 1028 5569
339 1024 7801
375 502 2380
456 120 1813
314 456 7290
831 591 1495
55 380 5004
937 921 5428
607 577 988
768 265 7396
222 489 4276
891 828 2599
791 254 2500
923 861 8072
587 74 5979
676 1056 6669
570 11 7301
73 1099 8373
500 758 849
939 425 2765
587 647 2854
162 589 1033
760 431 6786
911 405 946
82 991 5472
961 567 1079
381 188 41
333 261 3992
257 912 749
757 903 7673
422 389 8971
727 550 211
759 361 9194
96 171 8298
141 253 5689
564 265 5007
943 645 1394
383 30 6206
1074 286 4870
322 1043 8372
147 364 460
769 142 1761
880 900 8521
473 995 9591
622 187 3043
510 751 7559
168 593 3456
14 975 4385
119 1 1422
340 322 9064
211 620 2779
470 289 5420
330 220 4371
550 692 65
1093 213 6152
635 875 4454
746 94 3346
401 107 5572
85 378 8772
206 717 46
422 928 3417
52 449 1505
772 779 3576
494 380 9767
1059 372 7432
862 59 2258
467 804 5603
512 256 2510
735 340 8239
959 697 1307
404 170 3734
620 222 5035
177 45 4265
1052 538 6296
571 648 4368
454 409 578
263 1027 6133
165 438 4488
326 225 6379
864 83 3227
71 638 4097
356 309 8118
142 637 3414
706 741 1651
702 363 5599
121 816 7759
698 130 2586
182 294 9775
869 772 1251
947 535 9433
773 757 3422
921 165 3931
190 306 5167
603 64 7059
454 765 3021
4 885 3188
1062 634 9817
1099 967 4863
626 735 7186
376 733 2320
209 557 629
830 378 5845
812 567 6650
331 70 6365
589 523 2229
262 678 7665
749 639 3250
418 790 5116
380 315 4102
165 690 234
636 1050 3091
916 932 6768
260 795 5734
62 25 9755
78 766 7777
707 1027 806
323 675 7545
725 1092 5986
840 523 3200
742 839 3141
427 527 8891
517 494 6574
36 906 3768
1070 19 8345
124 96 1010
953 954 1136
258 177 8262
354 901 2206
291 792 7828
390 585 5019
383 1012 6097
325 428 1690
98 464 3995
817 585 2365
461 860 461
870 712 3214
257 22 4642
319 527 7994
524 818 8386
303 259 6270
1073 641 1881
169 965 4661
1011 114 5024
557 931 7760
122 443 9919
1034 365 1983
547 621 8404
541 1091 9430
334 514 7399
1071 969 9158
41 941 4198
173 10 4115
733 1020 9128
808 476 5710
367 749 5853
786 682 6917
20 129 37
223 821 6180
4 54 8493
603 25 213
512 217 3654
909 389 7615
375 174 3786
903 981 2513
312 400 6162
316 237 1543
532 256 8223
421 478 843
300 633 3749
844 287 5325
309 798 8193
562 759 7881
28 33 8106
513 1087 1187
525 451 7586
186 766 3574
681 350 8429
203 922 3258
698 121 7490
146 16 1229
1022 324 926
1014 1037 9836
446 1064 5721
52 628 7707
790 53 7857
827 390 2023
1100 1070 9824
528 325 4945
585 1022 9917
326 219 3232
354 140 7808
232 205 7296
867 802 2960
587 853 1287
446 694 4791
602 420 9633
576 571 7354
899 1098 6178
1043 734 9651
359 1060 5169
943 313 760
750 696 4616
645 615 4618
656 253 5222
195 698 7616
1037 200 2087
221 927 5858
475 726 3707
104 668 2541
755 79 6200
675 1021 2264
887 822 8012
202 518 6926
471 226 1078
493 572 8176
108 508 2427
294 729 5853
103 255 8278
1010 358 998
450 12 3928
1 687 3948
16 625 7921
727 826 6790
4 349 3515
482 841 8438
709 1100 3646
35 445 7826
287 548 1980
317 457 8637
66 1058 3801
993 1058 2639
892 125 2263
664 1004 3640
953 1007 1388
520 540 728
657 148 5627
354 334 4524
779 621 571
358 1089 179
447 54 9536
547 98 7545
385 989 2821
847 552 7024
238 556 3431
926 1075 5822
405 632 9670
832 37 103
907 816 2975
277 225 2915
407 671 920
342 269 917
538 805 3205
858 703 8408
1082 941 6964
264 766 8738
137 70 8521
6 1053 9958
361 859 7225
387 187 5949
554 593 7472
773 1086 5592
1090 675 6597
346 433 9099
154 566 6739
669 981 7256
1006 17 5026
79 175 4730
288 687 4541
212 125 5027
512 678 9072
383 503 6209
675 644 3984
823 989 5216
421 194 9633
12 1014 4313
367 1072 7781
944 50 3355
374 337 193
814 700 4918
492 111 6795
915 646 9449
224 220 1092
207 94 7633
774 514 7478
806 525 7592
870 1044 3063
950 887 2412
257 312 8300
249 177 1599
366 669 961
213 483 7506
561 858 3177
605 1064 4570
537 737 784
814 594 1260
1005 363 3255
67 213 5442
430 469 1605
29 869 3582
479 135 2750
1040 499 884
197 1059 7842
674 563 3957
143 151 8094
278 965 8939
1090 869 8102
744 1088 6066
337 417 6186
242 598 8654
323 1076 8388
124 67 4886
559 264 7597
752 937 7611
909 131 2562
854 409 6278
292 550 9998
245 193 6785
410 530 5402
95 771 499
649 145 26
388 268 8593
626 978 56
822 630 3944
784 438 8474
897 343 7134
874 786 1183
772 1031 3876
808 340 3357
161 435 4879
1059 135 2023
37 522 242
29 47 6771
436 1020 3100
831 856 5889
104 652 3231
90 578 6769
472 401 1899
99 108 1038
255 269 6724
233 379 7610
507 567 5732
100 747 5030
671 234 3102
922 1064 7557
511 220 3660
593 309 1337
361 780 3289
59 1031 3597
249 185 6717
1024 570 3147
834 128 2914
217 228 960
746 1050 3694
399 871 1409
755 433 6228
967 78 1636
655 438 5168
744 649 698
1092 1049 7934
608 972 5403
806 857 4183
471 1073 8162
731 871 4111
276 169 7833
1036 1076 8866
764 942 9495
951 496 7432
970 139 3632
767 130 9132
1053 889 656
807 747 5812
689 117 6685
950 999 4655
212 326 9175
345 262 1450
1062 1025 7843
756 1027 3339
1039 897 3929
1023 715 3211
954 667 4251
909 526 197
773 114 314
609 116 8264
215 327 1390
1089 823 7451
991 784 9027
733 439 4105
971 530 1501
552 452 968
262 457 7734
1012 418 2611
461 90 725
26 698 2940
589 912 9718
530 1052 2541
580 942 6624
858 575 7815
1063 597 9896
115 48 147
982 461 403
468 525 7672
478 985 5061
754 1010 8310
45 650 2073
915 80 5525
255 811 2818
530 569 5444
296 683 6741
591 949 3340
389 983 2101
492 502 9977
215 31 4461
976 785 4922
537 981 3271
1010 795 7250
486 1049 7013
1055 631 5233
1099 926 6015
791 417 9915
682 957 5197
1034 348 8650
810 715 181
470 590 6865
343 26 697
714 87 8692
215 724 6092
527 679 9522
459 677 9500
125 519 9568
740 100 6224
288 34 6224
338 843 7238
570 365 4327
486 707 8504
282 320 1843
873 687 9866
617 113 1744
990 572 9272
89 848 9190
856 639 1190
532 927 3723
555 316 3117
192 885 7481
570 270 8088
25 703 4559
667 628 4145
1085 144 3858
928 33 5281
500 274 4428
741 29 3919
930 560 2597
204 166 9112
321 357 6348
801 1078 1169
1040 3 4271
499 821 7050
643 805 2893
1052 633 378
1084 184 2651
864 924 5631
182 906 5543
578 9 8608
341 481 8417
988 334 9294
8 273 2448
830 771 3369
80 466 4625
572 569 1609
301 553 3592
151 316 2468
334 497 3073
128 1074 1833
1035 314 5514
403 353 7947
849 360 3571
196 89 4242
516 168 3159
541 892 7827
249 244 9879
293 395 6446
312 880 8742
136 1007 2067
1068 1093 5532
433 396 5484
131 144 5795
102 491 736
995 59 7355
153 599 4898
31 999 3742
462 343 2888
107 654 7967
401 941 7225
667 1061 2917
451 393 6164
586 676 9907
1081 777 5650
868 671 408
822 975 5158
872 1005 5156
1013 366 3051
600 625 4956
118 1025 297
642 743 7257
58 93 7701
22 679 9576
280 811 2804
81 578 5274
888 451 9200
397 222 9705
905 286 5722
655 885 7346
110 1002 6022
658 695 7465
66 905 9909
19 1078 2487
646 409 49
950 490 626
975 429 629
875 826 8602
679 630 8288
52 336 8924
50 597 2126
1071 155 4172
787 372 5276
748 390 7953
134 1036 4814
635 1037 8803
612 911 3031
1040 685 9008
894 415 5537
881 467 8372
804 668 8821
781 790 4475
353 477 1646
980 124 4388
485 409 2275
398 95 8111
800 707 3521
682 798 7706
290 591 3072
678 371 2638
302 75 2805
522 1007 9595
1048 259 6823
845 291 4398
84 775 1158
358 224 7153
568 75 5711
741 756 1108
346 97 8299
517 927 1921
207 128 8195
563 801 4654
609 900 2764
31 644 4154
980 728 9480
290 1085 7203
642 705 2477
904 345 4685
711 842 6481
9 410 2459
930 616 8286
976 231 1838
1081 839 1237
345 1022 833
998 1053 5012
530 242 9696
132 1035 2052
1061 838 2896
545 449 8989
277 609 699
936 590 3366
773 618 6148
463 598 2287
1051 942 7660
83 992 312
1094 573 7754
42 704 3488
793 816 9578
941 412 778
981 689 5386
331 676 8028
449 500 6897
796 962 294
882 1065 3688
93 47 1231
205 193 2403
710 234 758
997 78 8774
226 70 3837
1003 103 6077
341 433 7952
268 881 6804
964 577 8117
209 510 9481
548 603 8080
930 959 2572
632 568 5357
242 616 2134
667 842 4856
403 896 6158
980 136 9442
183 403 8075
38 418 1851
855 627 2112
535 226 166
414 56 2676
637 839 1043
1093 1080 7811
679 798 9852
334 101 647
243 132 5583
736 466 9037
1010 504 1555
912 258 6133
376 944 2810
441 410 6465
669 1046 8556
211 1039 7135
521 769 6385
724 154 7437
723 548 2720
857 183 185
445 93 9340
451 56 5597
1083 431 7493
993 1024 6754
9 592 9599
964 802 4089
951 375 8709
635 150 1962
723 1024 2709
942 780 392
526 277 9436
766 727 8043
314 862 1974
958 906 4097
911 914 7088
962 930 8341
2 932 5667
911 618 5269
872 240 7792
433 81 1524
176 758 5500
163 575 7626
205 1041 387
678 898 2944
126 861 9058
13 874 6339
1006 875 5570
324 837 9487
892 761 5526
284 93 2758
607 268 5015
258 430 4342
635 786 9982
622 364 5779
565 489 1191
474 654 9464
212 711 7391
1033 1034 7327
119 826 7587
696 161 879
253 919 298
568 76 5279
661 710 3865
542 383 4380
372 1100 4568
1063 625 573
426 989 735
816 921 721
1095 1040 5798
881 635 3758
912 888 2476
109 507 3803
40 67 5364
604 760 7547
583 31 5998
102 1093 3422
427 571 2510
361 438 8831
533 432 8222
430 365 9856
487 176 9195
514 436 1253
768 475 371
632 130 6530
1030 864 1861
327 966 3905
248 444 2127
210 956 7565
940 389 248
661 818 7764
68 357 4639
363 1022 227
215 690 3453
438 373 8183
167 302 5146
79 628 5263
1084 1027 5458
610 136 114
726 127 2654
326 787 6171
289 855 3479
580 269 701
206 635 4342
610 1072 3414
992 139 8167
190 217 8246
504 352 7072
162 14 9860
927 891 9086
980 116 2973
902 557 4079
81 36 5247
433 393 433
526 1002 7305
991 1046 5095
657 287 5663
2 790 2915
525 3 1680
84 929 3170
1022 808 3986
546 610 4594
924 842 3281
622 174 273
954 699 1726
310 741 5823
904 297 7709
767 450 5351
33 974 7853
412 110 1682
581 183 5841
1018 728 6502
911 703 7143
991 224 1168
515 229 2918
93 539 2158
715 342 7054
524 160 2203
174 192 1029
926 603 3390
559 236 8372
1000 153 1651
1 116 953
1096 158 4228
163 673 5556
81 917 4946
738 531 1140
744 1054 9799
98 279 191
426 105 345
67 815 7080
990 866 733
440 1019 8600
592 1014 1257
19 228 1681
927 308 1597
172 98 6828
1011 841 1433
1062 938 4412
52 416 9968
1048 482 9782
1028 372 6048
212 963 5266
611 455 931
219 625 7858
652 603 5318
748 775 9115
427 837 2655
60 798 4492
123 1001 8359
290 1 4941
171 1028 1664
1070 291 3826
787 1053 8732
417 171 4257
427 974 8659
744 622 6885
58 100 74
364 311 8023
507 433 7276
1066 722 8176
58 1045 4155
521 1014 5945
998 701 8497
982 169 9419
490 747 393
600 390 9366
385 599 3165
210 14 9576
832 521 9360
407 638 9782
1082 695 3326
888 267 2391
832 316 2243
880 197 164
1099 686 4010
243 186 5452
8 722 3602
24 931 1116
351 662 8836
11 121 1473
392 254 319
869 42 685
311 1025 9100
454 805 4297
1069 955 3234
78 97 8219
881 256 8840
83 279 1522
398 630 7936
285 640 5356
657 83 4661
775 3 3654
211 313 8279
910 918 3383
858 1038 1089
392 16 9085
262 1048 9440
854 30 1670
175 427 8999
310 711 3490
717 419 8572
430 245 6626
183 455 3691
961 417 2008
495 174 4446
983 717 5013
467 979 9160
358 884 6842
528 1058 2820
378 420 2283
868 188 6701
339 617 9098
117 800 7452
207 812 3568
114 207 8094
111 241 4262
275 708 292
387 117 1375
528 796 9033
299 74 3904
781 941 4991
734 331 9660
931 447 8859
634 653 9922
754 919 3528
99 1029 3469
160 356 8828
252 742 5396
278 321 8492
262 619 3465
665 452 3805
308 85 4435
567 67 8334
677 852 6486
498 505 3604
678 755 485
1098 915 2140
177 218 4081
472 495 5853
615 757 7571
679 473 574
735 780 8858
22 398 576
855 1074 3180
140 624 236
496 353 6191
780 350 1657
319 678 574
751 49 7020
403 816 28
825 394 3501
599 181 8780
608 202 8230
836 108 8003
815 399 7078
350 894 2630
792 725 4479
1048 95 4156
421 845 7057
593 299 8024
420 176 7817
872 926 5649
1004 585 9602
433 320 8009
935 186 3708
13 688 6653
542 379 978
473 327 5172
1080 899 9669
788 391 319
211 963 4694
180 734 9719
480 637 6956
982 1069 4275
490 1056 3913
549 120 3400
402 813 5278
31 185 7556
702 317 4455
322 4 5697
241 367 1311
486 698 8445
557 77 4933
112 1058 2654
138 600 9609
350 48 9228
301 601 4140
631 631 5177
186 385 6493
792 706 7848
841 1098 7266
751 484 2563
447 1040 2092
932 203 2749
285 340 5248
845 690 9648
272 990 6248
663 520 8731
139 858 5915
83 549 172
183 441 5470
800 244 9205
863 842 1096
206 673 8098
454 9 837
354 853 9578
453 176 7720
52 839 539
282 29 4648
1048 264 8149
320 446 3089
841 145 3484
897 59 1426
892 264 8198
1089 870 9159
677 275 1211
955 879 6287
174 930 8525
64 112 5805
812 211 8268
212 682 113
1000 574 1310
1084 370 4420
1061 313 5184
610 301 5405
168 30 331
579 36 9609
65 209 5838
541 424 4101
1045 287 312
865 498 7345
29 550 4319
438 533 6788
1058 645 2201
993 154 8653
849 322 6982
979 900 3117
887 16 4777
776 708 2501
777 804 7287
40 568 7285
1084 597 1934
502 86 4718
442 43 3414
694 87 9867
146 935 9588
880 813 139
548 751 7806
425 427 7465
877 255 8569
515 446 2088
651 581 1784
236 135 1670
353 576 6164
318 169 6803
285 466 2637
724 245 6702
963 793 8604
420 269 4182
585 45 7536
605 559 8033
92 110 314
328 345 5048
497 850 9023
1012 67 7143
514 351 1708
3 127 6053
456 1089 5997
559 560 9965
141 44 6809
128 648 6519
561 892 28
626 119 8325
673 767 6126
347 678 492
341 244 3995
648 398 6221
252 853 3661
648 463 4120
364 603 1416
124 883 4115
443 495 4306
1022 20 124
846 844 5942
723 90 5220
515 430 3815
961 129 8012
433 533 864
45 80 7326
216 596 1581
431 719 1163
498 61 6809
355 1083 6128
331 980 3223
1072 603 764
443 169 2245
57 181 9373
68 613 905
931 657 2837
209 1024 1484
89 355 7302
1003 1004 3163
363 258 1797
690 740 1528
1064 712 8482
427 54 9502
371 263 8582
443 330 4646
100 313 1354
1088 521 9178
471 761 5884
724 815 1939
1038 77 1648
234 918 1488
714 881 3751
847 207 3656
49 729 5018
682 223 2200
980 322 9712
985 461 7584
762 1083 7396
97 707 310
435 644 5838
83 1030 3755
622 795 9987
772 541 8945
179 741 2873
797 323 7495
796 354 69
159 238 9781
42 52 1764
837 148 9670
398 735 9365
35 817 6294
741 490 4688
127 313 9381
23 491 3521
495 187 8395
241 34 8648
309 344 8338
990 385 289
553 273 6736
974 822 2322
1090 1008 9638
36 648 5579
723 926 1191
55 948 6482
1076 494 2820
522 735 2406
170 1043 4949
359 1084 4386
447 688 8110
834 561 6432
856 703 7891
745 738 9891
24 360 2416
866 567 7116
947 542 509
419 1063 6443
1024 284 1338
872 642 8621
309 140 6409
19 974 721
702 881 923
192 677 9660
482 852 7972
750 618 5238
865 616 1331
525 1034 4645
920 957 3829
157 881 9922
629 89 6862
689 259 4087
362 960 3919
584 52 5995
596 685 8599
19 334 216
956 250 31
538 775 7217
82 594 1473
62 902 6805
684 430 1246
497 171 2904
335 532 4564
1053 167 467
399 762 4151
597 780 737
464 787 986
795 224 8112
111 458 2205
535 519 7306
892 102 8388
237 750 1858
940 1084 1141
403 1036 807
221 487 6869
572 1083 10000
460 447 5439
597 293 4514
409 555 1871
813 141 7690
71 1032 8243
1010 168 393
1019 160 4576
459 714 1064
217 935 5850
585 558 7532
937 1017 9030
975 513 374
288 921 2428
211 786 5721
500 1008 4352
1042 1069 2272
134 39 6031
462 497 2896
725 865 630
374 502 6087
157 338 3
387 364 6068
1060 803 6040
240 1013 8477
660 412 7036
1011 506 104
734 791 2242
616 152 4590
112 876 7955
541 301 5556
580 458 3745
534 844 1608
1001 955 10
341 94 823
769 753 8086
5 816 3691
308 449 734
802 117 1085
691 228 8513
497 920 2513
652 399 6970
196 933 7265
255 985 7420
17 377 6213
639 46 5718
876 50 3933
519 509 5833
952 210 7449
588 1053 8028
152 449 8200
965 153 7698
186 500 5582
251 755 7919
170 923 4395
334 461 9840
151 388 7641
935 906 7902
1068 909 6511
368 549 7115
996 700 1316
495 564 4668
544 902 3619
578 52 3425
496 373 447
942 858 1859
334 61 5747
874 995 8504
27 14 865
338 382 3913
904 429 2512
819 923 5528
1038 518 9929
657 1095 9332
81 642 1156
428 484 1613
286 817 9125
684 742 4920
888 769 3885
1052 158 766
664 113 6294
27 932 8668
1054 869 1938
934 577 1684
1017 658 5826
372 137 1461
737 574 8429
61 158 722
380 1045 6242
865 48 1499
782 863 2664
28 889 1995
195 995 3215
1032 980 3592
916 897 6549
493 168 5237
705 904 8810
633 965 9367
506 396 1763
48 312 510
998 1094 2224
961 21 3065
907 367 8559
622 451 7690
913 418 7086
913 910 606
1049 666 9861
658 350 3977
425 855 7873
287 902 8136
349 952 2829
324 812 7301
88 619 3868
998 140 7170
688 104 6187
325 1016 9448
130 964 8413
43 521 7862
919 1097 8516
143 436 2970
779 936 2721
307 159 6784
160 247 7154
379 296 693
1048 983 48
1034 360 9063
981 641 5678
493 683 2351
506 502 8447
121 644 8434
942 322 6469
514 781 1128
898 1092 1826
951 370 3473
196 317 1056
643 250 7067
58 282 9407
435 926 4290
385 331 2043
484 603 4186
1017 445 1560
286 958 6992
965 907 7783
942 758 4152
114 953 9620
421 647 7669
1087 704 6802
194 39 2727
135 575 9657
577 1058 8811
714 27 6807
73 312 6365
364 328 6971
798 169 5780
501 282 7132
520 855 131
940 841 1134
541 86 8524
119 372 8299
975 948 1608
538 562 534
544 786 7897
560 202 4824
231 999 5844
962 400 8078
446 1071 8932
576 911 1824
309 503 6162
233 622 6233
883 648 433
390 85 6594
76 629 5331
72 88 932
548 470 3883
91 484 8334
68 929 3904
1051 404 4614
675 864 9969
536 148 9990
920 1030 7037
52 472 6274
997 699 1802
528 770 9041
411 369 4963
193 460 5346
526 679 26
982 630 6429
1095 356 4744
915 891 792
104 862 5573
93 914 696
166 962 6694
1019 389 7816
859 800 8884
373 44 2095
370 570 9174
195 451 1755
575 597 5310
719 412 2352
62 667 9113
434 759 2378
482 924 8740
1075 842 9880
542 753 6731
378 177 3175
672 547 3896
697 741 2798
403 216 846
312 934 8009
163 47 628
1028 480 9386
757 961 3262
348 1088 4055
480 681 807
310 1058 1184
336 782 6882
1083 378 5222
232 781 1689
130 144 8322
590 459 1320
617 386 7200
303 194 5712
116 542 3551
770 73 8532
129 534 5889
764 1022 4070
845 1004 8600
566 288 1232
807 417 7275
728 1006 5433
1000 675 1170
499 29 6864
162 144 3957
913 913 2329
296 93 5062
736 856 1683
858 600 2439
257 218 6478
740 1024 4646
114 803 1303
99 702 7077
468 252 7705
83 566 6448
391 530 3713
771 825 305
585 460 113
167 217 3664
1057 625 2533
186 416 2056
831 530 9611
434 780 164
862 147 7268
67 382 6633
666 772 8162
130 443 386
787 1027 1897
99 245 6766
162 354 9942
595 539 2658
2 422 8539
364 1007 3018
480 768 3616
847 986 7197
679 704 421
1040 833 5615
177 671 4193
1025 769 7837
42 1083 8042
784 729 4933
993 882 9506
631 146 6712
1048 625 6331
663 523 9717
812 101 2372
632 192 1656
1046 520 4227
438 596 6547
226 638 5929
520 321 7609
252 213 7291
709 995 7288
920 942 1412
2 656 5986
70 367 8586
841 998 6429
397 1095 9900
623 432 895
669 810 2532
850 229 1104
658 632 9268
400 240 5562
287 211 9355
950 212 7911
1035 282 4777
272 22 6727
800 570 3021
899 244 7853
646 1065 8114
877 966 9142
633 523 4925
600 923 2264
462 109 6926
316 111 2537
826 45 7870
755 317 8944
581 16 7413
401 1067 209
805 764 1173
918 540 5290
311 72 1112
335 824 4986
750 337 7847
427 652 7457
316 530 9801
485 336 6169
980 916 6637
945 368 7455
53 225 9518
377 194 5357
566 657 8781
329 43 9056
67 945 5392
1013 271 7143
21 586 4924
173 123 3511
642 2 6926
178 946 7246
932 50 2322
249 426 3915
257 43 3871
489 524 3466
444 590 8610
735 502 2580
730 522 618
305 694 4240
216 387 5093
93 564 591
338 395 940
11 795 18
826 1052 3112
248 440 1335
813 1036 6024
122 670 5025
954 299 8498
323 756 6244
762 971 4430
406 1063 6046
996 453 2192
688 463 2387
805 340 8338
16 588 1529
1003 452 4664
226 726 9486
103 731 3136
652 1053 6891
947 714 4261
377 171 4876
674 67 9628
265 754 7190
651 610 4182
40 777 1769
21 679 2472
1036 1057 2197
521 211 6227
457 862 5179
199 709 9644
912 137 1067
487 810 3685
666 1074 4790
207 777 4399
88 816 8327
708 836 1558
680 772 6466
428 344 8076
907 952 1237
237 51 4897
433 14 3485
799 500 6694
283 65 9420
672 423 7696
722 511 6211
448 118 9199
57 949 1322
722 277 2065
497 235 917
186 471 1119
734 903 6932
319 601 3231
864 1035 2347
283 758 7821
630 379 1131
693 979 3101
491 1035 9849
112 657 6277
228 205 8611
44 390 8382
62 24 7936
245 342 1989
927 257 4223
573 692 5781
794 221 7411
576 913 1089
476 455 4724
377 718 4780
553 946 5684
964 989 5026
897 103 7701
632 347 842
20 174 6550
595 898 1541
827 743 9862
337 371 426
826 846 6081
149 274 4498
280 827 7743
615 842 3084
392 638 1638
192 321 336
485 493 8761
1035 139 9259
75 965 2353
588 201 9175
914 78 6473
594 378 446
43 657 7372
438 324 8565
873 715 6054
310 907 4127
397 291 8419
658 377 5857
868 452 8573
872 1039 7625
147 1004 4103
419 649 9080
964 692 3689
288 181 3612
452 1053 6578
458 414 3936
784 810 2879
654 519 9955
510 286 6706
534 58 5697
758 204 1000
112 622 1401
792 485 8692
232 924 6024
1095 276 3776
472 885 2641
1060 568 6602
838 121 4421
992 782 1706
650 215 3515
398 24 6318
49 136 2939
349 1079 176
392 210 5399
615 356 3526
942 979 610
734 938 7129
236 675 5149
256 719 9582
713 268 2648
128 817 1972
997 865 4359
288 114 2537
215 657 2898
1065 172 9053
1091 165 3931
1052 899 1469
633 34 895
181 441 5813
815 205 5632
562 484 2400
333 381 765
391 820 4830
579 1034 3286
976 998 8509
628 40 4274
311 144 9572
779 776 7357
25 8 2049
1090 822 5353
221 284 3489
321 768 6421
337 59 3440
618 637 1073
455 665 1070
464 344 9662
789 654 1105
912 484 8880
1068 509 4487
868 498 7509
872 870 6944
260 242 8411
180 730 2621
919 247 2110
643 702 9774
265 65 1017
1026 1005 9771
830 816 3854
309 783 514
1047 550 9211
407 321 4633
50 733 6474
613 912 8204
133 883 1002
442 425 1803
315 689 1819
684 766 5323
454 495 8238
859 955 4272
673 1054 5473
35 360 3546
267 562 1978
893 74 3541
48 206 5323
549 648 1100
652 14 5588
22 697 1154
397 202 8900
486 1061 7707
258 785 2060
882 819 5819
727 1086 2280
204 878 6205
745 925 7511
119 525 1010
1018 228 123
558 250 8572
863 798 9773
714 183 285
420 440 4269
79 222 3640
250 1100 6677
981 356 6206
686 152 430
596 270 9406
205 340 2234
1079 897 3435
602 811 8332
175 424 1514
11 844 3606
632 922 79
971 223 4478
499 104 5133
904 789 1936
185 284 7506
1090 640 1997
23 770 8293
457 272 2955
740 446 2178
1054 608 6373
1011 291 4895
89 161 8969
418 659 8172
3 462 5060
838 798 3495
995 788 8134
391 810 1804
835 319 3075
989 1058 8072
467 63 3431
1091 125 3422
285 213 8034
6 783 3945
777 937 1006
137 674 5056
1031 721 6443
517 11 104
620 846 9474
46 734 6532
69 252 1846
699 243 2671
520 679 5435
654 684 969
498 513 4405
955 649 7679
10 579 999
4 1095 6361
808 766 5706
981 811 4692
164 1031 5495
510 630 4489
32 201 2920
1018 854 9755
587 403 3167
1091 410 8215
221 419 4746
71 423 892
1032 282 4810
789 162 9572
180 326 9603
127 987 8332
467 70 5532
386 1087 9238
193 725 3392
359 716 9001
226 936 7472
823 1007 5246
466 1090 2427
875 778 4840
199 958 9017
401 136 6803
284 602 9924
367 40 7463
356 232 387
748 742 3102
448 19 5990
871 841 48
616 359 1637
794 285 2814
34 483 4623
850 1035 8910
605 218 164
428 737 1303
390 1092 4786
1077 739 7427
430 239 6498
871 9 4038
118 777 6348
606 470 5533
772 503 7515
946 253 8250
156 857 2419
119 336 5555
273 878 9599
658 1006 1589
836 335 527
1033 258 6588
23 527 8664
470 33 1885
102 956 8388
369 801 9892
570 8 3200
988 126 8235
95 550 8812
293 107 5317
281 1095 7204
660 1027 461
1047 101 7839
162 571 8271
846 824 9978
933 92 4879
476 661 4586
875 701 9264
662 795 213
73 1087 8572
642 267 8118
597 926 2644
809 1024 5245
447 85 2267
270 1083 2890
1047 1067 7334
577 443 3846
115 217 4846
1030 878 2240
294 3 5626
765 796 2945
282 292 4722
978 1100 3898
674 598 9134
940 867 2316
1081 814 8183
366 290 6625
312 556 7193
957 485 8123
197 779 4577
674 443 1872
470 877 9915
244 906 9166
1041 479 7463
26 470 5782
1042 602 1395
1076 968 8236
452 179 892
44 35 1328
666 383 3406
494 109 8401
965 730 8077
931 973 4134
896 1065 9112
511 1091 4333
992 84 2686
238 59 5153
873 510 8283
16 705 570
744 423 4252
49 916 4012
101 781 6442
1029 763 2614
662 559 9131
925 121 2421
557 164 7504
943 401 8914
247 325 6923
830 493 1427
499 136 6901
702 336 5217
66 437 949
7 365 4011
1072 79 9921
1002 1003 6141
1074 612 4804
129 454 3656
342 852 4581
116 581 1173
595 131 4760
395 985 2395
11 1050 5183
711 108 1200
922 231 930
742 133 7132
835 258 6843
1090 539 2748
646 1032 10000
526 200 3232
898 794 3015
457 240 3599
503 403 1700
38 13 7407
89 934 6037
218 728 6721
401 462 8231
1044 603 8069
243 148 7852
142 673 8151
774 622 6744
740 130 3236
438 785 138
237 974 1102
295 1062 3788
583 331 8115
56 883 2928
1038 826 3030
206 1069 8430
709 262 1002
160 87 976
403 826 405
90 315 741
179 703 814
281 997 4527
520 632 2809
386 839 2792
713 776 1317
694 33 3837
975 741 351
677 900 7737
204 355 1715
960 444 9529
301 775 9232
766 1055 4580
93 626 1611
1001 1011 6101
592 775 3576
61 520 4808
749 395 7649
751 123 6600
840 326 2054
654 185 9950
782 637 424
665 303 930
445 547 5255
1007 599 7865
360 243 8039
335 455 1510
495 103 4004
295 1006 9226
994 745 8151
1100 298 3888
549 131 7176
924 796 2478
153 292 3376
159 350 9975
1023 709 1417
613 96 5371
722 590 2025
278 884 1730
903 777 8574
906 776 4271
145 376 1054
20 199 1801
350 503 7444
125 661 9593
499 735 7054
15 399 3401
137 21 7090
362 450 4825
491 252 501
265 209 5229
487 353 8956
840 373 2107
1040 874 5609
583 998 7422
628 549 9056
433 715 1255
333 852 5527
974 113 5876
298 603 7879
550 1019 9688
478 406 1540
1086 145 6964
792 237 8437
52 971 5687
1073 498 2335
781 930 2501
735 314 8852
1013 187 9764
488 484 3319
518 1034 8089
605 563 1994
97 700 8791
1060 391 279
849 595 7549
535 719 6547
921 399 7028
921 33 6042
673 1045 3380
688 584 1164
358 2 8949
1047 758 1963
92 854 9163
382 814 9005
1060 714 7099
509 148 7218
607 1068 8416
534 1040 8301
927 612 2397
559 352 6581
674 709 1434
722 807 291
384 899 1045
898 332 7010
703 444 6623
1 4 5570
170 610 8889
738 195 2728
238 174 2292
934 732 3695
166 305 255
499 78 62
642 613 7812
386 411 5943
1095 13 1086
469 165 789
1090 335 7950
578 124 9597
157 361 1770
500 346 553
94 512 757
549 62 386
710 703 8698
821 140 1208
315 286 3272
253 754 1989
41 743 4575
743 372 5798
539 529 3958
660 80 7803
412 174 266
620 874 6428
905 483 9282
854 355 3522
114 821 2507
485 1073 2861
73 166 2855
147 908 5027
344 498 4807
1053 57 4486
1008 620 4111
373 139 7584
1052 95 4966
234 1100 6772
807 113 2593
413 750 6217
925 974 2082
1080 21 4489
506 516 9386
764 621 4894
949 528 5213
360 1052 3803
643 1004 1049
461 289 5649
784 1095 5161
828 559 5562
845 384 6136
1026 515 7808
67 1020 6375
704 835 5795
298 683 6574
662 94 2626
217 889 3081
965 401 7221
613 84 8567
526 1064 9625
87 808 9608
774 885 7722
381 3 8993
656 707 4579
450 56 6262
924 869 7207
401 1085 8647
1033 950 5547
853 614 7383
971 39 6746
395 278 6205
355 1051 1489
828 332 9792
273 39 6850
551 488 1205
564 463 7125
823 1015 5710
869 947 4359
216 851 1424
1050 721 5715
595 168 2792
151 674 1494
591 401 3277
1034 825 4515
1083 276 7355
239 991 8369
264 713 184
425 482 8582
283 849 4433
1058 798 9005
772 444 1924
915 594 2797
1009 84 2050
637 18 8674
152 152 7249
458 391 3092
126 806 704
809 130 1437
391 564 4485
975 521 9934
231 193 4529
907 7 8122
1003 67 1258
552 704 7375
926 1007 2378
626 516 1120
217 641 725
673 502 9606
661 1044 5769
246 1070 3342
931 200 5334
960 158 3592
633 61 9611
390 764 6666
316 741 9272
394 419 3839
1013 635 9679
238 359 6032
843 1020 8775
1064 317 5044
705 299 196
690 158 6153
681 943 5713
1043 232 3629
1008 548 5869
1031 1093 2387
469 1005 6274
700 294 4584
331 189 2403
1006 304 3271
549 1008 770
596 597 5779
649 329 6421
913 272 305
841 331 8452
562 262 2296
548 730 3900
373 481 3046
557 812 2986
659 717 9489
282 317 5896
51 1065 244
281 613 6124
354 577 3147
658 318 7978
561 879 6239
456 478 8120
407 851 9653
652 459 4164
137 169 3132
1025 450 1600
872 652 9764
367 933 128
191 186 8405
589 995 8222
66 455 8152
1056 910 581
728 216 1783
880 868 6341
743 56 3010
526 133 5059
625 56 9611
841 423 8795
568 765 9032
872 253 626
545 319 8380
148 426 4589
229 53 5856
211 1084 8875
652 726 6631
313 303 1315
271 1080 2470
1033 820 3044
679 287 9160
510 211 7613
387 755 9083
566 903 6160
706 183 613
1062 545 4796
388 248 2874
870 560 4328
384 831 4407
106 915 9226
401 494 5265
361 55 4575
725 442 1729
307 1007 7583
466 765 6365
830 878 6210
78 165 3457
203 1035 1117
630 470 599
1037 575 7865
62 976 1710
626 388 1165
300 12 3206
881 470 2564
163 935 180
880 817 5557
889 894 3922
197 1096 4608
65 625 2577
915 713 3004
480 775 2579
689 452 9518
5 904 8729
710 684 1998
526 846 5484
5 625 9800
514 565 2445
87 914 6292
694 978 5669
822 793 4981
425 324 3455
55 64 9059
72 69 3662
252 778 5345
749 355 8042
133 512 8119
484 1025 1783
629 11 5196
1072 856 5826
1040 577 4270
621 54 8393
27 108 6256
985 332 9024
646 583 6254
42 384 508
284 516 4671
202 51 1595
836 831 4257
184 803 912
661 742 6841
830 414 5046
222 441 8105
929 477 5536
453 175 8771
1058 216 3454
917 651 5069
188 852 2471
634 740 5402
1091 1075 6504
354 787 7797
346 516 4263
391 889 3003
696 717 2131
383 221 2605
653 178 6121
206 147 7071
426 334 3575
697 967 3766
850 9 9192
705 363 5678
201 860 7493
263 151 9381
917 846 3949
948 128 3870
52 933 8099
624 38 7145
595 616 5678
621 212 7997
286 1061 2005
77 665 1319
654 1017 2779
798 332 7781
578 300 1726
126 299 9205
47 503 2637
146 26 1827
390 772 1842
20 292 1505
616 729 6217
272 805 8833
443 510 7149
221 207 8132
301 936 4784
278 114 2882
534 160 7736
623 305 9114
749 847 437
542 1018 5281
546 685 7409
662 956 2366
494 450 9475
394 822 8934
778 174 3769
361 603 4282
394 37 4342
1082 811 8398
695 459 3596
131 52 5613
11 597 8797
772 310 1505
137 955 5054
163 248 8576
396 1025 9849
465 437 6952
798 983 5440
39 964 7950
989 710 2660
584 840 1411
97 1003 2059
293 826 4468
497 962 3822
51 24 3621
578 572 1998
178 1036 3734
229 885 768
620 924 8131
569 964 7640
28 447 9732
638 695 9686
896 988 4911
515 536 4124
936 738 6799
657 367 1870
454 545 9457
839 773 3842
7 445 5717
289 1013 3480
181 1041 7078
1064 730 5773
749 678 4712
311 92 9047
986 80 6537
584 888 9403
906 241 3847
214 131 3172
255 137 2816
423 578 7080
302 758 5920
780 721 9802
1004 521 4431
15 983 4274
661 868 3153
149 503 7392
952 460 9932
250 674 9915
473 928 5403
988 403 880
468 704 337
39 535 6209
492 438 8181
674 452 1163
948 165 1982
352 465 7437
644 468 9396
227 718 3669
1041 90 449
1044 130 5451
675 749 8506
912 939 6693
1072 331 9430
653 1004 4134
267 1003 9850
749 255 3114
937 1050 9682
332 176 9751
553 269 140
753 364 2721
255 1038 1869
612 1001 6208
404 973 1890
786 677 3345
519 943 4848
720 743 2254
133 579 6603
166 1063 530
916 667 7598
656 471 5913
828 725 3651
497 236 203
156 792 9075
297 477 7503
341 47 3946
440 918 9440
793 1050 5071
147 116 233
777 1031 7651
726 738 1421
1039 466 9697
189 14 984
643 321 1975
818 617 4803
872 9 3601
617 601 8218
309 445 8120
579 592 6635
963 268 6217
913 993 7007
385 1083 5372
581 323 2237
64 966 7457
491 835 5625
445 606 85
446 275 2037
263 583 7382
334 61 9073
368 75 3992
637 987 3384
543 423 2219
914 1003 1441
502 118 7606
410 760 6140
1086 105 4546
670 702 9472
1007 16 7654
840 350 6866
12 869 7340
703 405 3078
338 947 5500
1056 912 654
997 465 9523
802 874 435
494 859 8191
791 581 6392
262 639 5959
315 378 2308
732 389 1129
123 143 5933
500 480 6432
351 588 1643
256 636 6508
430 489 4833
264 982 5892
506 672 2472
197 933 2962
208 299 2039
567 1030 1479
695 204 8921
128 703 452
659 105 1939
53 360 1174
1012 790 5763
797 105 8196
188 611 3020
311 959 3352
1072 218 5903
162 785 1184
740 379 2888
512 658 442
763 368 9347
654 421 2958
79 484 799
1093 180 3304
889 519 1366
408 981 1376
1011 4 9294
965 165 3778
849 904 5956
1088 467 8114
929 130 6681
875 935 9653
385 1013 9889
683 1006 2220
1086 946 8891
203 405 2371
279 467 1975
572 332 9739
549 232 3495
1056 219 2161
21 47 2542
454 1074 6576
358 358 8141
898 1040 6646
518 78 9343
808 280 6547
978 710 4313
204 181 4896
543 881 3127
989 989 8245
801 61 7044
743 514 8869
670 1024 326
510 821 4917
407 390 5946
149 97 4778
447 127 2787
112 330 5620
107 1024 7052
486 1064 3040
1082 765 4401
625 559 4166
293 280 1989
470 790 462
739 96 5451
136 397 5848
913 995 6726
200 6 3707
1071 265 6531
622 902 1394
214 883 6810
814 408 5320
31 852 3500
272 374 9489
233 164 2636
583 299 2284
82 112 4979
959 463 7736
1066 433 5452
1096 1054 7605
141 167 6088
103 32 647
622 215 3798
321 486 4923
961 870 2586
749 352 9085
932 586 5548
62 444 8410
450 409 5994
153 556 2647
758 849 466
45 3 3849
43 624 6963
892 1097 4500
1015 9 569
352 757 6973
1088 741 9558
835 954 7753
96 455 2562
889 608 9569
688 417 3817
653 613 1171
953 655 7895
368 446 6543
419 512 6603
240 864 4360
412 851 1152
221 586 1957
473 681 4512
186 470 6971
607 209 587
775 1013 7799
946 865 5605
792 284 1450
634 703 2962
636 942 2725
447 405 2527
50 625 1564
607 149 8245
518 487 1266
88 1093 3274
226 767 1086
824 612 4902
180 303 8038
929 1088 8640
142 776 6333
218 122 1737
45 172 7113
608 930 3861
904 347 7247
721 586 6839
746 811 9158
683 686 2669
385 865 7972
522 693 4311
413 987 5586
297 104 8860
433 148 5283
397 908 6812
509 711 7958
956 484 2043
446 129 9653
703 812 4938
624 248 9854
847 769 3146
1057 233 3184
943 529 9988
2 13 8787
484 409 4794
795 917 8957
504 924 8892
798 422 1520
802 176 631
391 799 7478
844 545 98
1041 502 3482
25 344 7610
212 497 6922
850 32 8530
196 978 8999
404 381 9222
1095 230 8743
966 1031 6719
397 321 2169
226 64 6714
976 156 7367
857 180 7010
167 543 3558
740 293 9589
622 488 4618
320 891 3898
1093 1037 8527
88 902 4509
358 350 429
326 728 8844
991 603 2899
1057 511 2131
518 829 173
475 469 2165
615 142 5604
632 461 9446
81 605 2582
859 844 9236
467 101 3685
547 579 6112
842 621 2966
193 578 1377
823 1095 5305
895 622 8025
312 288 8066
367 1072 778
213 204 5383
146 1063 3326
981 581 7679
1066 180 609
929 1021 8829
295 113 6058
171 935 2953
1027 882 2126
152 245 3165
517 611 688
395 975 8592
1029 173 8106
154 53 7386
784 170 5917
892 151 9838
673 445 4750
1030 767 9137
434 693 3170
611 844 5366
1076 413 1328
715 807 503
406 735 8175
211 1040 3579
749 724 401
365 667 4751
54 391 9595
956 321 2661
744 906 5605
313 417 101
278 544 4213
1005 158 5071
659 716 8057
485 926 6496
364 726 771
564 143 1490
914 196 7480
760 51 1152
272 794 5458
628 158 5226
728 435 7269
292 492 4978
662 202 593
818 687 8571
1066 1050 6296
1088 665 2390
677 630 3986
809 441 8536
160 712 7882
569 239 8839
294 19 3126
714 310 5717
344 972 9818
536 841 9956
706 806 3357
654 794 421
743 522 8602
80 382 1142
568 542 3405
749 162 4644
1087 608 7662
912 373 6671
280 716 3094
950 304 4987
105 61 2492
462 714 5437
534 509 5311
288 740 9592
329 207 5785
134 955 5699
329 942 8206
542 905 9630
1064 237 2246
510 86 9349
796 342 9509
939 955 5375
776 541 9335
338 828 5374
129 208 8381
614 493 2587
312 821 4128
769 414 5185
498 378 5121
1095 887 106
895 582 2799
756 420 3854
382 247 6394
516 584 9021
441 865 9228
421 530 421
408 841 3593
387 661 6407
323 210 8236
343 205 5822
600 1099 6855
99 906 3826
552 187 8525
597 702 6260
217 43 6624
196 615 1753
668 74 7345
861 461 1605
519 935 6867
554 178 2671
527 929 7421
133 1027 627
158 630 4013
734 126 6915
794 494 7409
769 690 3875
22 409 2549
418 169 261
375 839 2195
541 292 9824
911 818 3253
483 2 5279
809 312 2461
222 1045 4838
488 738 1432
948 559 4173
922 580 3481
970 49 9302
530 423 8040
77 963 4284
900 925 7501
452 460 9955
83 168 2766
343 541 810
1032 80 6700
963 1027 7058
787 849 9989
868 870 2837
321 452 9912
460 528 1726
1043 479 7303
396 931 4062
850 65 2629
667 559 3370
276 490 5901
775 353 4928
884 191 7028
472 110 8397
261 430 2000
472 1042 7327
849 36 3258
1051 583 340
612 484 204
341 50 1662
762 326 9551
162 152 1655
741 88 2146
1068 711 7207
217 971 3437
916 494 1578
95 243 2265
852 345 6648
491 957 1031
194 349 4533
607 162 1610
409 475 8961
716 116 2700
113 235 111
719 451 6733
807 267 2479
836 361 9073
901 264 3817
600 754 773
630 1099 5273
1014 757 4334
623 217 209
536 932 7824
535 1044 6910
297 815 3161
1030 521 1279
360 257 2239
1032 57 8354
1100 656 7259
1025 337 5509
197 251 4765
631 873 7281
591 460 1065
666 995 8260
975 191 6074
635 272 647
713 631 7203
203 714 711
108 714 7818
766 638 9554
474 834 3156
1090 516 3881
823 158 7040
387 823 1686
46 698 1577
672 384 2500
718 149 583
72 351 4896
582 611 1961
799 276 6198
404 902 5584
260 891 4451
192 613 3009
431 51 5431
869 249 4980
245 920 8464
196 689 9864
778 760 5066
26 241 8776
1086 91 8252
584 494 5353
119 905 1195
169 1096 3060
377 579 2010
460 347 2658
139 743 7429
354 1090 6969
717 768 2128
635 945 6320
1010 930 7362
561 565 8456
65 683 1812
612 852 4960
671 280 1290
780 739 6136
190 1030 130
670 435 5771
891 204 938
618 838 5934
890 747 3664
151 360 3028
58 576 9611
870 87 4214
729 757 3493
370 589 5584
357 778 5465
1086 499 1599
856 289 202
446 1059 6339
979 1000 5138
394 50 8497
222 260 4472
884 181 4259
197 1061 7267
1041 330 9155
576 686 5284
40 823 3083
91 730 2223
192 75 8481
183 106 880
1072 651 6782
120 872 4641
691 655 2621
401 1003 5681
1020 944 1462
974 571 9747
758 611 3369
92 701 8098
966 1044 1225
547 278 8682
178 249 4132
11 368 604
103 111 410
375 663 7765
455 582 6160
68 608 7530
214 265 3692
82 508 9892
680 373 5388
404 1071 165
385 301 2066
68 311 3233
623 414 7195
885 788 1858
1049 295 839
108 362 9646
989 576 3562
281 809 2021
424 388 7246
511 943 7716
876 379 7016
541 447 1927
725 1069 9792
1020 1005 6879
1029 953 7925
367 112 1687
465 1 614
978 433 1722
1051 856 9462
396 267 5056
811 194 835
579 886 3633
505 662 4053
48 581 8858
226 509 2162
851 1028 3774
889 544 3926
402 573 9958
875 675 8113
636 1070 131
392 933 6176
678 411 1961
310 1067 3423
214 14 7755
23 391 6816
785 293 7795
558 81 6690
483 634 7062
992 409 3637
156 96 3658
687 487 8490
614 216 7852
327 525 7318
549 891 9383
555 913 926
122 597 3518
716 206 1551
905 840 9284
719 731 1144
107 887 240
564 625 1626
1006 290 8842
757 616 5518
627 64 2060
661 771 973
1086 892 769
704 660 7927
706 464 3666
89 234 4297
33 340 635
72 1056 2811
749 961 7000
542 769 1516
1012 447 6131
171 8 8601
243 1093 8445
1064 848 7104
990 605 7619
807 694 7053
103 878 1744
589 1 8999
599 749 3659
899 343 6280
866 254 7826
896 424 4033
749 819 2178
545 934 5777
848 975 6382
818 681 9627
870 936 304
314 424 5004
812 75 1704
223 25 9246
554 890 9499
79 837 875
864 637 4345
693 81 7030
421 1080 504
754 798 1136
680 719 6871
535 84 1047
390 1048 6473
994 170 3797
991 875 7238
142 5 2926
968 868 9463
412 612 7995
941 1033 9275
396 686 3624
531 418 1742
654 952 1726
252 394 2573
1024 287 4294
872 329 3168
661 470 3372
186 337 5292
348 900 1103
743 892 9287
169 187 9873
392 870 5190
233 575 1893
310 978 4986
334 1053 2524
527 824 3753
646 536 874
770 721 4763
813 1069 9762
367 863 9254
954 1031 92
26 474 7061
767 706 6087
411 68 1864
297 401 3568
772 1080 8643
476 777 678
650 598 2599
212 310 219
825 677 5181
1078 530 9463
570 707 336
1082 373 5893
121 783 4212
1084 131 1513
1052 1055 1144
894 430 9920
324 131 3918
322 494 4779
440 219 7255
472 196 6984
586 917 6542
1021 1051 8414
265 71 3549
677 206 579
541 309 4733
384 103 6115
1003 426 9245
172 899 5239
751 390 3857
1057 861 704
793 346 5873
134 418 6423
948 682 1145
496 410 5550
326 950 9559
111 233 1813
325 288 2990
821 611 5688
711 261 6477
819 218 6889
23 1010 6386
447 195 5303
821 42 2236
165 689 5046
814 67 1595
672 177 9380
936 653 1967
525 525 5977
64 136 6190
940 954 9859
780 28 320
965 626 4114
467 346 9656
955 510 3196
600 376 8962
246 99 4390
125 1035 5594
291 459 1819
120 523 1006
209 514 7011
819 346 6891
238 210 6516
951 829 8662
758 683 823
154 334 2198
867 579 8697
657 704 2131
302 46 1841
320 165 3515
777 525 9981
140 243 8126
630 480 687
797 483 6615
58 140 849
133 293 2082
430 60 8261
978 868 5116
208 69 8261
201 541 6378
867 369 9302
947 508 9597
424 37 1228
111 834 4662
625 1043 3202
1026 75 2746
507 657 2257
719 534 6124
534 894 2645
547 146 7285
724 1012 3753
477 1011 9061
625 334 6449
305 444 2434
466 121 2029
767 46 9703
413 704 6711
421 475 5397
45 60 7890
41 606 8735
425 381 7798
229 858 8708
541 534 5942
1042 838 6537
175 204 7109
503 22 8506
1058 434 9162
220 855 7336
1016 1051 4495
505 1091 5253
291 567 9633
141 947 3290
848 540 8524
941 481 6561
530 807 8416
238 362 938
144 471 3223
1057 690 7529
92 606 6331
438 162 2273
290 605 2639
523 745 238
512 644 7777
87 485 4409
500 66 2567
167 303 7928
804 598 2898
927 554 540
7 797 3545
138 135 8858
410 424 8862
301 946 7706
38 510 450
466 596 9386
274 147 1051
1040 314 8905
120 169 5103
617 1095 1508
1008 2 9105
752 291 5091
810 700 2014
523 1000 5860
829 1037 2621
830 554 8116
367 827 4315
917 919 3280
821 1038 5948
375 706 1895
635 614 8648
591 417 2538
681 278 5837
246 801 3889
605 681 577
677 410 31
93 776 3009
1059 744 5727
138 616 2464
485 43 8822
31 677 2635
678 319 151
515 999 6581
104 144 8081
692 901 5061
268 477 4322
550 721 5249
559 831 8892
385 20 6859
301 657 7901
922 687 9877
108 265 4595
810 779 7145
690 1034 9541
422 625 3993
682 1045 3121
555 494 5042
103 1052 3124
546 489 7944
505 941 1800
505 914 6586
234 73 950
280 882 3781
377 624 914
617 1045 2591
809 779 3035
529 233 4980
22 488 5084
346 85 5424
689 589 8464
740 146 9377
225 531 7149
127 962 8282
807 238 3005
472 1006 5750
914 866 4280
200 447 212
1080 468 7851
963 965 9736
386 705 9076
901 344 7421
129 721 3703
377 847 6165
710 705 4654
415 228 2360
216 42 9625
795 241 5923
658 372 3591
1009 386 4807
344 923 1164
419 723 4459
792 851 1279
746 279 5277
562 989 233
616 455 7061
727 670 1054
603 516 5246
926 73 4618
768 133 603
626 628 8626
89 99 3500
48 1042 4603
726 687 9081
355 149 7921
687 916 7775
147 694 7096
1052 348 3811
1098 173 836
415 1092 9668
269 618 2748
1046 706 6446
346 753 887
800 531 9773
280 885 1973
901 623 2140
1027 922 8985
723 873 2133
933 870 3857
420 336 7749
40 757 4966
287 702 3023
632 99 28
918 898 3610
942 230 9046
167 182 6568
458 108 9589
343 830 9162
575 815 6883
31 134 7371
731 173 1227
948 611 9780
771 142 6531
550 111 9728
859 105 7509
4 271 5090
871 728 2950
612 122 1831
1073 848 5545
507 1031 7631
429 661 7755
955 509 8666
287 331 3159
817 880 5770
196 638 8974
905 793 1096
846 563 4275
895 74 7497
826 198 5596
622 857 9726
552 185 339
807 192 6047
724 478 8929
782 194 2660
951 541 849
276 345 2541
23 91 655
498 37 4781
146 1014 4078
793 536 4486
119 1087 7023
257 945 2914
1055 720 4643
1083 402 2388
94 404 2228
842 832 8025
182 854 4867
236 403 5703
516 548 8717
46 241 9452
583 511 1890
205 919 3787
170 873 3806
612 1007 1459
451 1100 6163
679 841 9594
303 74 9199
169 309 2902
223 825 901
39 1022 8793
542 504 6303
84 709 121
722 1030 2645
827 542 6451
386 992 6902
500 722 8494
345 76 3767
1043 396 3376
96 619 8452
797 809 9425
789 403 4428
344 486 3188
816 107 8618
113 1085 1711
263 522 4854
717 1021 276
910 417 2351
77 360 5947
804 455 3117
155 303 6225
679 144 7427
758 487 4964
446 354 6270
215 466 4207
525 881 7528
878 497 5101
1005 458 6517
1056 534 7328
554 389 4083
670 543 6737
494 273 1380
873 83 7018
636 680 3772
506 894 6989
664 470 6769
91 247 2717
843 152 6975
760 259 9660
87 812 4149
21 381 5243
258 1026 2368
789 798 9950
707 334 7529
978 991 74
766 554 2943
487 796 989
703 539 7192
429 350 7550
841 588 713
389 609 3445
783 1018 1971
350 858 6420
151 464 5405
631 493 1547
904 311 9052
546 797 5448
587 551 8538
930 32 8487
432 872 8974
744 312 434
489 1094 9603
311 496 7861
1082 646 2224
1087 177 9169
33 132 2979
785 678 6775
284 316 5977
321 145 1208
859 576 8479
884 220 8290
418 860 2236
172 222 6331
632 355 3228
608 341 456
1076 374 8088
754 210 5417
280 493 3432
508 965 5676
616 723 6052
646 506 1623
988 1075 5834
223 147 7007
105 930 1561
784 589 1254
540 564 1279
579 369 688
195 800 7632
126 208 4296
353 975 1870
